114,1
131,1
67,1
43,1
146,1
120,1
128,1
136,1
53,1
128,1
132,1
47,1
78,1
144,1
82,1
116,1
111,1
134,1
18,1
138,1
126,1
47,1
1,1
47,1
17,1
108,1
13,1
111,1
77,1
75,1
52,1
4,1
90,1
113,1
47,1
124,1
116,1
134,1
64,1
145,1
45,1
111,1
150,1
83,1
124,1
31,1
133,1
14,1
73,1
13,1
17,1
114,1
30,1
142,1
82,1
18,1
134,1
63,1
143,1
72,1
149,1
132,1
42,1
47,1
111,1
34,1
121,1
53,1
47,1
5,1
83,1
41,1
38,1
87,1
148,1
153,1
28,1
76,1
60,1
110,1
128,1
142,1
52,1
111,1
140,1
58,1
7,1
149,1
7,1
89,1
100,1
61,1
47,1
149,1
1,1
114,1
47,1
90,1
47,1
32,1
47,1
97,1
65,1
56,1
19,1
100,1
47,1
100,1
137,1
5,1
20,1
46,1
7,1
118,1
104,1
28,1
47,1
72,1
86,1
31,1
105,1
92,1
36,1
102,1
29,1
5,1
123,1
145,1
36,1
25,1
74,1
47,1
4,1
47,1
5,1
131,1
145,1
128,1
119,1
25,1
81,1
42,1
149,1
29,1
110,1
145,1
142,1
109,1
56,1
140,1
60,1
110,1
52,1
97,1
21,1
106,1
116,1
77,1
97,1
62,1
90,1
146,1
25,1
42,1
29,1
148,1
149,1
122,1
14,1
47,1
151,1
74,1
28,1
109,1
1,1
25,1
26,1
104,1
31,1
149,1
54,1
134,1
108,1
86,1
69,1
7,1
80,1
144,1
26,1
124,1
47,1
72,1
82,1
124,1
142,1
102,1
89,1
16,1
109,1
142,1
19,1
127,1
26,1
22,1
56,1
115,1
120,1
47,1
30,1
124,1
23,1
121,1
54,1
138,1
84,1
8,1
42,1
128,1
4,1
115,1
10,1
118,1
101,1
1,1
93,1
32,1
88,1
120,1
30,1
110,1
32,1
77,1
150,1
101,1
53,1
151,1
105,1
45,1
150,1
89,1
47,1
7,1
2,1
110,1
107,1
47,1
141,1
126,1
131,1
142,1
19,1
47,1
134,1
26,1
12,1
13,1
46,1
47,1
56,1
130,1
1,1
25,1
65,1
42,1
46,1
41,1
117,1
144,1
115,1
124,1
115,1
117,1
117,1
141,1
16,1
146,1
23,1
30,1
150,1
143,1
50,1
8,1
54,1
151,1
9,1
111,1
16,1
29,1
21,1
98,1
47,1
142,1
40,1
18,1
101,1
150,1
130,1
26,1
123,1
129,1
116,1
134,1
75,1
72,1
65,1
74,1
4,1
101,1
81,1
67,1
8,1
101,1
3,1
89,1
139,1
12,1
81,1
22,1
83,1
30,1
2,1
54,1
133,1
4,1
88,1
128,1
149,1
123,1
62,1
82,1
99,1
77,1
118,1
108,1
14,1
88,1
42,1
84,1
134,1
149,1
30,1
30,1
77,1
79,1
68,1
0,1
124,1
61,1
109,1
65,1
6,1
114,1
112,1
24,1
40,1
7,1
123,1
126,1
47,1
23,1
30,1
101,1
18,1
46,1
137,1
22,1
1,1
124,1
37,1
24,1
45,1
5,1
59,1
96,1
15,1
90,1
4,1
57,1
28,1
147,1
53,1
18,1
122,1
126,1
101,1
133,1
124,1
102,1
144,1
21,1
57,1
78,1
110,1
84,1
133,1
5,1
126,1
144,1
146,1
142,1
129,1
128,1
19,1
5,1
29,1
142,1
56,1
98,1
5,1
122,1
130,1
22,1
143,1
9,1
54,1
47,1
29,1
56,1
95,1
54,1
30,1
97,1
12,1
123,1
45,1
123,1
142,1
109,1
96,1
40,1
3,1
69,1
154,1
102,1
73,1
14,1
34,1
70,1
13,1
36,1
6,1
151,1
22,1
56,1
85,1
97,1
137,1
130,1
123,1
137,1
69,1
57,1
97,1
140,1
151,1
21,1
40,1
80,1
46,1
151,1
136,1
123,1
49,1
53,1
36,1
33,1
149,1
137,1
61,1
30,1
133,1
28,1
149,1
97,1
18,1
122,1
29,1
6,1
47,1
36,1
110,1
1,1
18,1
47,1
47,1
126,1
65,1
30,1
133,1
4,1
25,1
140,1
99,1
16,1
139,1
85,1
59,1
128,1
143,1
58,1
109,1
122,1
123,1
23,1
11,1
97,1
8,1
4,1
47,1
142,1
142,1
140,1
16,1
12,1
120,1
122,1
84,1
129,1
64,1
111,1
122,1
128,1
36,1
53,1
34,1
85,1
108,1
31,1
31,1
138,1
102,1
11,1
129,1
36,1
63,1
67,1
42,1
32,1
6,1
65,1
126,1
124,1
61,1
4,1
134,1
81,1
14,1
119,1
29,1
42,1
47,1
31,1
47,1
23,1
47,1
146,1
46,1
135,1
68,1
125,1
59,1
83,1
3,1
23,1
114,1
127,1
4,1
130,1
31,1
56,1
74,1
88,1
2,1
144,1
97,1
47,1
56,1
52,1
4,1
8,1
71,1
1,1
39,1
3,1
86,1
112,1
75,1
18,1
123,1
4,1
67,1
103,1
25,1
74,1
76,1
128,1
67,1
29,1
136,1
22,1
122,1
59,1
129,1
1,1
124,1
53,1
50,1
105,1
120,1
126,1
23,1
41,1
124,1
23,1
118,1
25,1
47,1
151,1
47,1
66,1
145,1
120,1
143,1
129,1
25,1
42,1
90,1
50,1
84,1
140,1
53,1
9,1
122,1
100,1
123,1
103,1
121,1
77,1
42,1
1,1
150,1
47,1
142,1
146,1
54,1
85,1
100,1
122,1
124,1
30,1
115,1
128,1
102,1
56,1
43,1
123,1
79,1
15,1
135,1
63,1
129,1
47,1
30,1
29,1
115,1
124,1
6,1
64,1
123,1
36,1
57,1
111,1
34,1
134,1
68,1
124,1
136,1
120,1
105,1
47,1
122,1
108,1
119,1
1,1
5,1
23,1
124,1
53,1
72,1
124,1
114,1
142,1
123,1
47,1
115,1
117,1
82,1
106,1
127,1
143,1
47,1
7,1
5,1
6,1
79,1
97,1
47,1
8,1
123,1
31,1
60,1
77,1
32,1
145,1
6,1
128,1
120,1
56,1
127,1
9,1
62,1
100,1
106,1
59,1
128,1
127,1
119,1
6,1
150,1
125,1
26,1
30,1
22,1
118,1
42,1
111,1
20,1
142,1
47,1
144,1
2,1
20,1
95,1
128,1
142,1
47,1
149,1
40,1
54,1
102,1
10,1
39,1
63,1
31,1
120,1
93,1
93,1
4,1
124,1
135,1
12,1
47,1
95,1
47,1
29,1
20,1
72,1
13,1
128,1
119,1
47,1
47,1
115,1
128,1
135,1
41,1
98,1
113,1
64,1
18,1
51,1
96,1
7,1
122,1
33,1
133,1
37,1
91,1
0,1
143,1
31,1
100,1
145,1
143,1
71,1
120,1
46,1
50,1
63,1
139,1
119,1
30,1
114,1
57,1
53,1
98,1
4,1
104,1
111,1
4,1
47,1
105,1
24,1
47,1
108,1
82,1
23,1
92,1
124,1
47,1
28,1
53,1
58,1
151,1
89,1
134,1
21,1
29,1
111,1
23,1
47,1
80,1
81,1
142,1
106,1
142,1
100,1
8,1
8,1
8,1
87,1
47,1
36,1
79,1
47,1
74,1
13,1
71,1
125,1
36,1
5,1
46,1
85,1
141,1
111,1
122,1
116,1
111,1
122,1
138,1
62,1
47,1
112,1
27,1
112,1
133,1
33,1
118,1
47,1
98,1
47,1
33,1
35,1
84,1
116,1
11,1
47,1
21,1
60,1
31,1
144,1
21,1
63,1
69,1
127,1
151,1
47,1
67,1
128,1
122,1
47,1
110,1
1,1
90,1
12,1
11,1
128,1
47,1
71,1
64,1
22,1
105,1
35,1
22,1
71,1
47,1
9,1
131,1
148,1
115,1
0,1
71,1
102,1
73,1
126,1
75,1
107,1
64,1
44,1
20,1
101,1
137,1
90,1
150,1
111,1
79,1
60,1
109,1
2,1
27,1
82,1
54,1
142,1
99,1
32,1
115,1
79,1
47,1
64,1
84,1
107,1
67,1
11,1
93,1
145,1
95,1
140,1
73,1
11,1
118,1
92,1
51,1
73,1
141,1
81,1
15,1
125,1
79,1
28,1
1,1
111,1
133,1
34,1
138,1
38,1
122,1
12,1
98,1
132,1
42,1
39,1
149,1
136,1
42,1
97,1
76,1
105,1
113,1
72,1
134,1
119,1
126,1
115,1
106,1
43,1
86,1
2,1
14,1
60,1
6,1
130,1
61,1
35,1
129,1
111,1
17,1
124,1
104,1
128,1
111,1
119,1
150,1
74,1
32,1
17,1
47,1
97,1
47,1
14,1
76,1
31,1
74,1
61,1
116,1
133,1
29,1
77,1
105,1
37,1
137,1
93,1
78,1
47,1
45,1
23,1
121,1
64,1
54,1
47,1
25,1
7,1
90,1
18,1
71,1
47,1
53,1
79,1
67,1
65,1
39,1
24,1
74,1
5,1
47,1
45,1
67,1
41,1
147,1
88,1
27,1
16,1
26,1
111,1
103,1
113,1
8,1
149,1
29,1
117,1
142,1
23,1
149,1
140,1
0,1
6,1
47,1
117,1
139,1
64,1
122,1
132,1
126,1
58,1
68,1
47,1
139,1
114,1
149,1
61,1
105,1
38,1
25,1
79,1
29,1
13,1
36,1
16,1
108,1
31,1
144,1
22,1
111,1
24,1
83,1
5,1
108,1
39,1
68,1
91,1
103,1
34,1
128,1
122,1
51,1
116,1
30,1
14,1
47,1
146,1
131,1
141,1
140,1
144,1
140,1
66,1
142,1
134,1
126,1
85,1
21,1
89,1
120,1
103,1
32,1
5,1
66,1
47,1
58,1
5,1
5,1
111,1
126,1
17,1
95,1
58,1
56,1
84,1
71,1
50,1
20,1
71,1
53,1
95,1
47,1
60,1
81,1
142,1
59,1
59,1
29,1
90,1
16,1
140,1
122,1
54,1
112,1
151,1
18,1
94,1
146,1
146,1
47,1
11,1
124,1
133,1
47,1
5,1
31,1
71,1
118,1
75,1
149,1
134,1
73,1
82,1
71,1
97,1
142,1
124,1
122,1
123,1
146,1
137,1
124,1
147,1
143,1
89,1
142,1
47,1
45,1
4,1
134,1
47,1
23,1
139,1
105,1
16,1
25,1
116,1
100,1
63,1
53,1
19,1
128,1
61,1
97,1
135,1
97,1
145,1
24,1
88,1
105,1
14,1
47,1
94,1
69,1
70,1
29,1
14,1
142,1
125,1
151,1
24,1
62,1
95,1
107,1
103,1
47,1
5,1
17,1
16,1
129,1
44,1
119,1
6,1
48,1
78,1
106,1
30,1
137,1
128,1
47,1
47,1
108,1
7,1
81,1
98,1
2,1
9,1
69,1
23,1
42,1
133,1
51,1
142,1
47,1
71,1
86,1
36,1
141,1
127,1
76,1
119,1
139,1
62,1
54,1
112,1
148,1
91,1
142,1
47,1
128,1
41,1
149,1
149,1
102,1
35,1
115,1
99,1
128,1
7,1
30,1
2,1
47,1
131,1
133,1
97,1
66,1
5,1
122,1
10,1
69,1
123,1
119,1
136,1
84,1
137,1
92,1
41,1
88,1
112,1
104,1
82,1
6,1
47,1
89,1
16,1
110,1
15,1
123,1
1,1
77,1
77,1
103,1
99,1
149,1
140,1
85,1
47,1
117,1
150,1
141,1
47,1
105,1
42,1
30,1
138,1
7,1
47,1
124,1
128,1
114,1
45,1
149,1
135,1
114,1
117,1
128,1
24,1
142,1
24,1
151,1
112,1
106,1
6,1
151,1
47,1
128,1
57,1
18,1
126,1
142,1
66,1
79,1
6,1
63,1
118,1
118,1
130,1
79,1
144,1
4,1
111,1
66,1
140,1
77,1
84,1
97,1
61,1
4,1
74,1
149,1
47,1
127,1
66,1
109,1
50,1
137,1
25,1
54,1
30,1
101,1
77,1
111,1
15,1
23,1
134,1
39,1
72,1
31,1
118,1
134,1
47,1
72,1
75,1
47,1
58,1
135,1
149,1
54,1
145,1
47,1
103,1
81,1
118,1
28,1
122,1
53,1
29,1
73,1
127,1
90,1
79,1
47,1
138,1
71,1
94,1
26,1
47,1
110,1
128,1
85,1
26,1
76,1
50,1
39,1
16,1
42,1
142,1
31,1
36,1
89,1
78,1
142,1
124,1
124,1
114,1
123,1
54,1
88,1
71,1
36,1
41,1
29,1
47,1
26,1
35,1
4,1
127,1
65,1
16,1
47,1
134,1
143,1
70,1
133,1
93,1
104,1
67,1
25,1
19,1
135,1
58,1
6,1
142,1
25,1
134,1
54,1
81,1
42,1
95,1
112,1
7,1
1,1
5,1
37,1
27,1
41,1
107,1
137,1
59,1
97,1
6,1
41,1
142,1
30,1
47,1
89,1
45,1
71,1
19,1
115,1
39,1
123,1
48,1
149,1
87,1
6,1
47,1
118,1
69,1
4,1
79,1
22,1
92,1
91,1
47,1
142,1
134,1
118,1
134,1
128,1
10,1
143,1
152,1
119,1
109,1
103,1
126,1
137,1
132,1
71,1
112,1
124,1
142,1
111,1
67,1
42,1
151,1
89,1
102,1
82,1
14,1
128,1
71,1
12,1
42,1
142,1
12,1
130,1
104,1
13,1
13,1
70,1
89,1
13,1
47,1
47,1
50,1
109,1
117,1
54,1
126,1
44,1
147,1
21,1
13,1
44,1
76,1
47,1
148,1
24,1
7,1
47,1
113,1
142,1
33,1
81,1
28,1
108,1
78,1
118,1
124,1
60,1
36,1
147,1
126,1
57,1
102,1
77,1
27,1
54,1
108,1
25,1
24,1
4,1
77,1
133,1
102,1
120,1
71,1
2,1
75,1
42,1
115,1
124,1
28,1
23,1
127,1
51,1
91,1
45,1
140,1
47,1
47,1
9,1
115,1
128,1
122,1
50,1
71,1
127,1
77,1
30,1
142,1
28,1
47,1
19,1
89,1
47,1
39,1
145,1
60,1
102,1
133,1
47,1
108,1
84,1
36,1
53,1
20,1
108,1
104,1
142,1
119,1
98,1
73,1
121,1
79,1
112,1
142,1
95,1
64,1
23,1
127,1
39,1
45,1
111,1
118,1
52,1
22,1
34,1
61,1
29,1
115,1
47,1
127,1
70,1
73,1
73,1
150,1
124,1
151,1
119,1
60,1
21,1
71,1
124,1
112,1
20,1
123,1
100,1
97,1
106,1
111,1
139,1
132,1
8,1
58,1
122,1
46,1
5,1
37,1
95,1
141,1
133,1
69,1
4,1
120,1
124,1
11,1
15,1
40,1
105,1
36,1
65,1
61,1
83,1
104,1
127,1
82,1
71,1
151,1
32,1
76,1
140,1
71,1
146,1
118,1
85,1
140,1
66,1
54,1
111,1
60,1
1,1
19,1
72,1
153,1
110,1
99,1
122,1
93,1
129,1
101,1
6,1
28,1
120,1
150,1
65,1
31,1
122,1
139,1
119,1
148,1
50,1
86,1
136,1
71,1
27,1
40,1
14,1
28,1
90,1
95,1
47,1
123,1
139,1
79,1
117,1
95,1
7,1
150,1
44,1
5,1
75,1
82,1
15,1
124,1
13,1
33,1
111,1
137,1
18,1
47,1
143,1
4,1
113,1
98,1
71,1
133,1
11,1
126,1
100,1
47,1
70,1
46,1
87,1
7,1
17,1
39,1
72,1
19,1
99,1
93,1
128,1
39,1
9,1
37,1
18,1
124,1
76,1
128,1
23,1
47,1
5,1
104,1
102,1
114,1
142,1
71,1
47,1
133,1
115,1
137,1
30,1
50,1
35,1
8,1
123,1
95,1
129,1
4,1
50,1
30,1
45,1
123,1
120,1
91,1
25,1
152,1
47,1
59,1
84,1
151,1
33,1
128,1
97,1
127,1
48,1
124,1
115,1
121,1
47,1
141,1
70,1
8,1
126,1
6,1
71,1
85,1
123,1
134,1
89,1
4,1
36,1
29,1
56,1
95,1
78,1
62,1
14,1
141,1
133,1
134,1
37,1
149,1
43,1
143,1
14,1
126,1
134,1
124,1
31,1
69,1
74,1
112,1
123,1
31,1
18,1
48,1
72,1
123,1
33,1
15,1
115,1
16,1
30,1
52,1
45,1
54,1
88,1
142,1
33,1
1,1
32,1
7,1
151,1
151,1
65,1
45,1
109,1
142,1
26,1
31,1
30,1
83,1
137,1
118,1
104,1
133,1
105,1
62,1
134,1
54,1
84,1
12,1
33,1
115,1
128,1
44,1
47,1
39,1
133,1
79,1
23,1
145,1
122,1
23,1
75,1
30,1
95,1
142,1
69,1
83,1
47,1
95,1
0,1
94,1
116,1
83,1
32,1
39,1
114,1
141,1
66,1
62,1
142,1
83,1
63,1
47,1
57,1
67,1
101,1
141,1
124,1
81,1
122,1
142,1
68,1
96,1
47,1
89,1
61,1
42,1
19,1
141,1
115,1
105,1
62,1
142,1
40,1
18,1
148,1
47,1
91,1
88,1
29,1
11,1
74,1
122,1
42,1
47,1
143,1
21,1
123,1
72,1
97,1
95,1
47,1
95,1
114,1
129,1
61,1
47,1
22,1
35,1
47,1
27,1
60,1
9,1
110,1
150,1
137,1
20,1
71,1
117,1
128,1
34,1
93,1
52,1
69,1
102,1
142,1
60,1
22,1
67,1
134,1
71,1
62,1
123,1
91,1
124,1
123,1
96,1
150,1
31,1
133,1
102,1
122,1
71,1
39,1
21,1
29,1
150,1
136,1
68,1
26,1
77,1
108,1
129,1
103,1
143,1
54,1
57,1
2,1
7,1
30,1
128,1
13,1
117,1
0,1
124,1
47,1
143,1
4,1
34,1
47,1
94,1
37,1
91,1
133,1
136,1
133,1
91,1
142,1
151,1
142,1
23,1
97,1
115,1
102,1
100,1
110,1
134,1
47,1
26,1
47,1
47,1
73,1
86,1
135,1
67,1
87,1
122,1
111,1
117,1
60,1
142,1
142,1
41,1
116,1
104,1
22,1
75,1
89,1
30,1
23,1
8,1
47,1
75,1
109,1
111,1
23,1
5,1
39,1
122,1
77,1
2,1
89,1
31,1
11,1
58,1
115,1
70,1
116,1
30,1
66,1
108,1
31,1
142,1
132,1
142,1
12,1
102,1
12,1
149,1
34,1
130,1
5,1
122,1
97,1
145,1
124,1
122,1
132,1
105,1
20,1
150,1
74,1
31,1
105,1
23,1
111,1
28,1
98,1
126,1
118,1
12,1
151,1
26,1
126,1
26,1
1,1
111,1
139,1
145,1
135,1
104,1
1,1
47,1
22,1
128,1
131,1
115,1
86,1
120,1
27,1
14,1
24,1
122,1
5,1
102,1
85,1
60,1
142,1
139,1
36,1
21,1
143,1
62,1
95,1
11,1
139,1
135,1
143,1
6,1
122,1
86,1
86,1
105,1
21,1
104,1
87,1
142,1
44,1
53,1
119,1
101,1
11,1
102,1
12,1
1,1
124,1
136,1
32,1
45,1
44,1
44,1
104,1
87,1
137,1
13,1
60,1
47,1
100,1
57,1
70,1
130,1
60,1
94,1
101,1
97,1
125,1
117,1
108,1
124,1
71,1
102,1
8,1
6,1
134,1
142,1
127,1
58,1
136,1
117,1
148,1
2,1
115,1
45,1
95,1
11,1
71,1
121,1
75,1
20,1
42,1
47,1
41,1
116,1
126,1
106,1
12,1
64,1
122,1
122,1
34,1
100,1
98,1
5,1
78,1
9,1
30,1
69,1
149,1
32,1
107,1
61,1
110,1
50,1
126,1
103,1
26,1
125,1
6,1
4,1
128,1
102,1
136,1
7,1
129,1
118,1
108,1
33,1
121,1
148,1
6,1
58,1
36,1
117,1
4,1
128,1
151,1
125,1
23,1
33,1
121,1
55,1
132,1
142,1
97,1
123,1
106,1
110,1
79,1
47,1
151,1
32,1
124,1
128,1
95,1
97,1
71,1
35,1
46,1
120,1
95,1
30,1
47,1
133,1
111,1
47,1
127,1
103,1
30,1
71,1
27,1
66,1
38,1
85,1
28,1
118,1
133,1
1,1
55,1
21,1
143,1
141,1
67,1
127,1
98,1
134,1
6,1
22,1
133,1
150,1
11,1
39,1
109,1
29,1
22,1
122,1
128,1
126,1
9,1
126,1
97,1
71,1
92,1
128,1
142,1
12,1
134,1
133,1
12,1
134,1
6,1
20,1
103,1
149,1
136,1
122,1
114,1
135,1
85,1
49,1
115,1
25,1
30,1
151,1
128,1
94,1
107,1
92,1
2,1
111,1
53,1
152,1
149,1
128,1
17,1
122,1
151,1
20,1
47,1
65,1
72,1
43,1
118,1
20,1
60,1
149,1
87,1
101,1
79,1
113,1
79,1
36,1
149,1
102,1
61,1
106,1
111,1
56,1
57,1
61,1
47,1
110,1
117,1
115,1
31,1
115,1
2,1
47,1
135,1
5,1
5,1
74,1
81,1
49,1
55,1
139,1
91,1
25,1
142,1
97,1
31,1
65,1
37,1
142,1
76,1
53,1
18,1
131,1
63,1
126,1
92,1
30,1
111,1
97,1
8,1
23,1
88,1
108,1
123,1
76,1
82,1
115,1
12,1
57,1
42,1
31,1
53,1
79,1
57,1
90,1
56,1
128,1
20,1
102,1
142,1
82,1
46,1
29,1
29,1
145,1
99,1
33,1
3,1
123,1
8,1
69,1
133,1
76,1
76,1
46,1
46,1
42,1
115,1
56,1
120,1
129,1
11,1
5,1
47,1
132,1
84,1
134,1
111,1
124,1
111,1
73,1
142,1
122,1
29,1
99,1
54,1
115,1
73,1
34,1
90,1
47,1
71,1
133,1
40,1
3,1
44,1
125,1
30,1
123,1
19,1
47,1
50,1
113,1
142,1
29,1
51,1
141,1
39,1
42,1
97,1
135,1
150,1
85,1
62,1
138,1
20,1
82,1
4,1
39,1
5,1
56,1
45,1
20,1
72,1
94,1
38,1
144,1
140,1
133,1
77,1
65,1
142,1
134,1
102,1
55,1
25,1
36,1
15,1
47,1
111,1
47,1
78,1
141,1
47,1
19,1
1,1
30,1
119,1
14,1
10,1
134,1
16,1
57,1
142,1
105,1
149,1
130,1
47,1
97,1
63,1
53,1
150,1
14,1
119,1
54,1
116,1
100,1
142,1
21,1
75,1
111,1
35,1
133,1
20,1
125,1
135,1
44,1
140,1
47,1
38,1
123,1
124,1
25,1
34,1
106,1
73,1
126,1
77,1
14,1
20,1
90,1
132,1
47,1
49,1
92,1
115,1
1,1
82,1
21,1
29,1
135,1
78,1
47,1
48,1
50,1
144,1
47,1
92,1
82,1
37,1
122,1
133,1
127,1
133,1
129,1
24,1
119,1
147,1
37,1
17,1
60,1
122,1
114,1
65,1
151,1
128,1
31,1
60,1
47,1
12,1
129,1
134,1
129,1
47,1
75,1
1,1
47,1
125,1
48,1
112,1
130,1
71,1
6,1
128,1
68,1
71,1
132,1
124,1
32,1
78,1
134,1
90,1
50,1
39,1
73,1
2,1
16,1
71,1
84,1
101,1
134,1
20,1
64,1
47,1
65,1
47,1
50,1
124,1
5,1
42,1
10,1
102,1
30,1
126,1
21,1
79,1
134,1
132,1
39,1
47,1
111,1
105,1
70,1
123,1
47,1
123,1
131,1
47,1
128,1
7,1
31,1
138,1
14,1
97,1
51,1
12,1
96,1
61,1
120,1
107,1
15,1
30,1
137,1
38,1
28,1
60,1
122,1
5,1
112,1
111,1
52,1
11,1
71,1
26,1
71,1
32,1
52,1
19,1
128,1
63,1
65,1
5,1
47,1
28,1
88,1
145,1
129,1
75,1
131,1
29,1
23,1
36,1
46,1
9,1
47,1
25,1
104,1
28,1
142,1
115,1
6,1
22,1
151,1
47,1
151,1
119,1
113,1
145,1
75,1
145,1
68,1
40,1
13,1
93,1
5,1
47,1
105,1
42,1
95,1
128,1
44,1
75,1
95,1
22,1
8,1
123,1
117,1
120,1
63,1
148,1
27,1
118,1
113,1
122,1
9,1
47,1
36,1
90,1
44,1
88,1
135,1
41,1
133,1
17,1
40,1
76,1
47,1
130,1
47,1
117,1
47,1
74,1
31,1
131,1
53,1
99,1
11,1
134,1
20,1
134,1
62,1
74,1
17,1
47,1
126,1
122,1
134,1
28,1
25,1
42,1
100,1
47,1
151,1
57,1
47,1
125,1
56,1
108,1
19,1
126,1
133,1
105,1
83,1
130,1
72,1
112,1
32,1
140,1
123,1
93,1
135,1
30,1
121,1
68,1
31,1
42,1
62,1
124,1
70,1
11,1
94,1
126,1
40,1
22,1
111,1
146,1
124,1
117,1
56,1
136,1
53,1
109,1
33,1
32,1
54,1
34,1
47,1
92,1
143,1
128,1
54,1
73,1
26,1
123,1
7,1
93,1
122,1
65,1
146,1
60,1
124,1
23,1
128,1
111,1
129,1
124,1
97,1
109,1
8,1
6,1
79,1
4,1
75,1
18,1
113,1
122,1
143,1
103,1
107,1
0,1
34,1
11,1
8,1
7,1
95,1
151,1
23,1
110,1
134,1
119,1
30,1
51,1
62,1
72,1
140,1
50,1
86,1
124,1
117,1
74,1
28,1
47,1
84,1
44,1
119,1
12,1
122,1
28,1
113,1
46,1
111,1
23,1
47,1
17,1
54,1
111,1
126,1
47,1
136,1
57,1
132,1
151,1
11,1
66,1
65,1
139,1
142,1
134,1
109,1
0,1
111,1
36,1
53,1
124,1
47,1
67,1
5,1
47,1
70,1
60,1
3,1
79,1
106,1
34,1
53,1
121,1
47,1
95,1
7,1
6,1
51,1
81,1
41,1
122,1
119,1
78,1
54,1
28,1
25,1
47,1
78,1
99,1
111,1
46,1
86,1
118,1
7,1
42,1
97,1
142,1
43,1
76,1
2,1
103,1
131,1
118,1
53,1
30,1
47,1
128,1
75,1
58,1
136,1
53,1
151,1
16,1
113,1
125,1
149,1
123,1
122,1
43,1
68,1
110,1
134,1
68,1
28,1
139,1
124,1
23,1
47,1
115,1
133,1
145,1
30,1
53,1
68,1
40,1
66,1
117,1
151,1
23,1
142,1
118,1
127,1
128,1
148,1
72,1
47,1
36,1
71,1
41,1
108,1
117,1
71,1
56,1
28,1
127,1
117,1
113,1
77,1
148,1
112,1
142,1
112,1
72,1
120,1
151,1
67,1
82,1
102,1
85,1
54,1
72,1
104,1
42,1
64,1
105,1
33,1
133,1
132,1
129,1
47,1
62,1
47,1
120,1
100,1
90,1
23,1
143,1
11,1
133,1
11,1
5,1
15,1
66,1
131,1
136,1
33,1
18,1
61,1
54,1
124,1
22,1
98,1
119,1
74,1
20,1
10,1
126,1
58,1
52,1
127,1
21,1
29,1
46,1
25,1
19,1
54,1
29,1
7,1
47,1
47,1
146,1
122,1
28,1
22,1
111,1
36,1
107,1
99,1
47,1
71,1
47,1
141,1
124,1
73,1
52,1
134,1
7,1
124,1
96,1
79,1
82,1
28,1
65,1
126,1
134,1
86,1
27,1
19,1
67,1
82,1
21,1
65,1
107,1
91,1
105,1
139,1
47,1
42,1
47,1
42,1
16,1
11,1
4,1
34,1
104,1
64,1
16,1
0,1
124,1
25,1
42,1
98,1
11,1
19,1
87,1
72,1
111,1
111,1
149,1
95,1
79,1
114,1
111,1
110,1
108,1
118,1
99,1
124,1
124,1
113,1
149,1
107,1
19,1
126,1
75,1
133,1
113,1
46,1
20,1
17,1
115,1
23,1
134,1
47,1
135,1
52,1
145,1
12,1
29,1
135,1
36,1
142,1
110,1
54,1
124,1
20,1
73,1
71,1
142,1
133,1
90,1
111,1
129,1
130,1
5,1
39,1
146,1
42,1
122,1
122,1
93,1
142,1
133,1
134,1
102,1
20,1
45,1
47,1
78,1
142,1
112,1
127,1
20,1
130,1
86,1
37,1
137,1
46,1
20,1
126,1
29,1
107,1
57,1
120,1
136,1
42,1
76,1
73,1
79,1
15,1
71,1
135,1
47,1
88,1
136,1
11,1
126,1
7,1
60,1
12,1
150,1
128,1
127,1
47,1
67,1
42,1
103,1
149,1
48,1
135,1
85,1
0,1
125,1
150,1
69,1
57,1
142,1
12,1
48,1
2,1
53,1
37,1
4,1
24,1
23,1
8,1
103,1
141,1
8,1
50,1
140,1
143,1
113,1
1,1
78,1
78,1
127,1
23,1
79,1
95,1
78,1
148,1
120,1
44,1
118,1
88,1
22,1
42,1
72,1
22,1
44,1
25,1
137,1
47,1
127,1
78,1
5,1
146,1
127,1
107,1
82,1
126,1
34,1
50,1
101,1
131,1
47,1
108,1
106,1
90,1
111,1
95,1
4,1
95,1
32,1
53,1
136,1
18,1
144,1
135,1
95,1
0,1
13,1
124,1
92,1
97,1
145,1
36,1
89,1
40,1
59,1
95,1
67,1
136,1
47,1
151,1
47,1
68,1
119,1
146,1
0,1
47,1
33,1
81,1
11,1
130,1
77,1
47,1
56,1
116,1
30,1
63,1
1,1
28,1
149,1
100,1
114,1
47,1
122,1
142,1
105,1
83,1
89,1
120,1
6,1
67,1
149,1
90,1
101,1
82,1
19,1
115,1
5,1
47,1
119,1
25,1
93,1
86,1
123,1
45,1
118,1
138,1
4,1
125,1
87,1
30,1
119,1
80,1
115,1
76,1
9,1
47,1
12,1
65,1
70,1
65,1
31,1
118,1
60,1
142,1
11,1
142,1
12,1
6,1
69,1
0,1
117,1
146,1
108,1
29,1
63,1
31,1
149,1
34,1
105,1
143,1
133,1
111,1
74,1
31,1
143,1
131,1
90,1
47,1
0,1
112,1
47,1
71,1
151,1
82,1
95,1
23,1
124,1
50,1
142,1
39,1
85,1
151,1
100,1
79,1
112,1
114,1
6,1
75,1
47,1
128,1
146,1
19,1
118,1
98,1
115,1
39,1
122,1
134,1
60,1
144,1
143,1
47,1
150,1
76,1
129,1
71,1
130,1
23,1
142,1
81,1
75,1
10,1
82,1
49,1
99,1
47,1
127,1
31,1
144,1
31,1
103,1
91,1
126,1
47,1
95,1
12,1
79,1
9,1
112,1
61,1
134,1
142,1
39,1
32,1
25,1
20,1
59,1
65,1
23,1
97,1
7,1
5,1
47,1
23,1
16,1
97,1
136,1
152,1
118,1
142,1
88,1
12,1
64,1
47,1
97,1
144,1
100,1
142,1
129,1
47,1
9,1
35,1
127,1
12,1
44,1
68,1
138,1
132,1
146,1
128,1
52,1
76,1
47,1
25,1
101,1
90,1
60,1
149,1
127,1
124,1
5,1
6,1
7,1
87,1
6,1
6,1
13,1
91,1
142,1
92,1
40,1
40,1
71,1
149,1
80,1
137,1
134,1
119,1
23,1
20,1
118,1
30,1
40,1
8,1
129,1
2,1
130,1
122,1
42,1
26,1
142,1
44,1
100,1
54,1
101,1
133,1
85,1
110,1
32,1
96,1
147,1
128,1
100,1
105,1
41,1
20,1
79,1
119,1
71,1
33,1
111,1
130,1
145,1
41,1
26,1
133,1
150,1
82,1
16,1
102,1
44,1
57,1
133,1
58,1
31,1
102,1
17,1
124,1
109,1
47,1
103,1
13,1
86,1
142,1
115,1
31,1
69,1
56,1
15,1
135,1
126,1
125,1
47,1
118,1
4,1
1,1
133,1
116,1
141,1
136,1
55,1
61,1
86,1
25,1
85,1
12,1
73,1
109,1
78,1
151,1
12,1
69,1
29,1
130,1
46,1
21,1
128,1
47,1
70,1
64,1
138,1
62,1
67,1
109,1
128,1
18,1
1,1
47,1
111,1
78,1
130,1
12,1
37,1
88,1
112,1
117,1
47,1
39,1
54,1
92,1
78,1
45,1
85,1
31,1
44,1
135,1
72,1
2,1
95,1
49,1
11,1
124,1
34,1
47,1
32,1
6,1
32,1
25,1
149,1
80,1
132,1
129,1
92,1
31,1
133,1
5,1
92,1
17,1
88,1
124,1
55,1
18,1
141,1
47,1
108,1
149,1
63,1
23,1
42,1
128,1
138,1
124,1
142,1
121,1
31,1
37,1
110,1
50,1
50,1
72,1
104,1
72,1
116,1
3,1
118,1
120,1
128,1
30,1
110,1
132,1
83,1
35,1
132,1
68,1
14,1
0,1
28,1
105,1
34,1
142,1
71,1
123,1
57,1
51,1
93,1
46,1
142,1
110,1
48,1
62,1
99,1
84,1
72,1
56,1
68,1
33,1
98,1
126,1
28,1
70,1
121,1
29,1
31,1
145,1
115,1
127,1
143,1
128,1
47,1
99,1
144,1
31,1
36,1
4,1
49,1
37,1
138,1
88,1
129,1
143,1
61,1
151,1
47,1
78,1
23,1
149,1
54,1
0,1
44,1
141,1
108,1
67,1
53,1
4,1
128,1
47,1
123,1
122,1
111,1
142,1
60,1
118,1
92,1
62,1
111,1
125,1
32,1
97,1
102,1
59,1
126,1
128,1
0,1
47,1
31,1
47,1
102,1
47,1
0,1
11,1
124,1
71,1
122,1
55,1
5,1
22,1
22,1
122,1
54,1
136,1
7,1
8,1
72,1
151,1
22,1
143,1
136,1
11,1
47,1
23,1
138,1
105,1
129,1
82,1
122,1
23,1
4,1
44,1
73,1
8,1
54,1
57,1
122,1
144,1
140,1
87,1
101,1
119,1
47,1
40,1
3,1
100,1
70,1
50,1
128,1
110,1
115,1
53,1
37,1
141,1
100,1
140,1
47,1
133,1
20,1
23,1
150,1
36,1
121,1
47,1
122,1
42,1
1,1
68,1
102,1
47,1
46,1
113,1
19,1
44,1
107,1
68,1
18,1
59,1
65,1
96,1
47,1
110,1
68,1
51,1
14,1
121,1
128,1
123,1
40,1
53,1
114,1
28,1
97,1
31,1
29,1
115,1
54,1
85,1
95,1
95,1
129,1
99,1
144,1
105,1
97,1
28,1
61,1
1,1
44,1
139,1
108,1
137,1
43,1
116,1
15,1
70,1
133,1
127,1
44,1
41,1
106,1
120,1
30,1
127,1
23,1
36,1
127,1
47,1
29,1
125,1
128,1
47,1
112,1
104,1
90,1
47,1
132,1
47,1
47,1
137,1
47,1
44,1
135,1
144,1
128,1
101,1
130,1
20,1
23,1
118,1
58,1
97,1
95,1
122,1
83,1
29,1
60,1
117,1
144,1
146,1
0,1
59,1
137,1
87,1
114,1
101,1
126,1
67,1
107,1
66,1
47,1
124,1
88,1
20,1
129,1
116,1
117,1
134,1
22,1
114,1
8,1
122,1
151,1
107,1
44,1
128,1
117,1
134,1
54,1
122,1
3,1
119,1
37,1
110,1
119,1
47,1
9,1
110,1
20,1
82,1
109,1
97,1
126,1
146,1
115,1
32,1
130,1
108,1
49,1
139,1
23,1
111,1
138,1
135,1
110,1
142,1
145,1
9,1
81,1
68,1
131,1
49,1
123,1
95,1
47,1
47,1
128,1
133,1
6,1
12,1
129,1
65,1
52,1
12,1
76,1
107,1
58,1
38,1
75,1
47,1
123,1
142,1
117,1
59,1
83,1
77,1
42,1
72,1
35,1
29,1
87,1
39,1
47,1
81,1
30,1
133,1
144,1
111,1
125,1
121,1
98,1
124,1
101,1
55,1
25,1
108,1
39,1
72,1
0,1
23,1
18,1
151,1
103,1
12,1
150,1
50,1
1,1
101,1
124,1
28,1
144,1
98,1
103,1
24,1
17,1
8,1
99,1
123,1
15,1
89,1
106,1
121,1
24,1
71,1
3,1
134,1
102,1
13,1
117,1
23,1
128,1
37,1
71,1
13,1
47,1
71,1
139,1
78,1
128,1
9,1
95,1
106,1
134,1
142,1
47,1
32,1
115,1
137,1
72,1
122,1
115,1
149,1
131,1
45,1
72,1
72,1
97,1
100,1
117,1
140,1
97,1
124,1
29,1
25,1
63,1
22,1
47,1
46,1
105,1
69,1
42,1
60,1
149,1
145,1
63,1
124,1
129,1
134,1
5,1
40,1
116,1
99,1
103,1
85,1
15,1
25,1
11,1
92,1
86,1
117,1
133,1
40,1
62,1
6,1
36,1
66,1
88,1
29,1
99,1
79,1
136,1
142,1
47,1
143,1
42,1
149,1
118,1
133,1
108,1
132,1
53,1
97,1
69,1
39,1
142,1
128,1
122,1
47,1
134,1
111,1
53,1
118,1
12,1
143,1
54,1
131,1
141,1
70,1
47,1
124,1
89,1
23,1
130,1
150,1
118,1
150,1
127,1
47,1
117,1
71,1
6,1
40,1
101,1
11,1
130,1
122,1
47,1
56,1
130,1
62,1
71,1
100,1
119,1
97,1
6,1
121,1
79,1
18,1
142,1
30,1
127,1
75,1
128,1
101,1
35,1
45,1
151,1
136,1
35,1
66,1
8,1
36,1
141,1
139,1
101,1
131,1
122,1
16,1
121,1
30,1
127,1
47,1
33,1
36,1
151,1
72,1
6,1
92,1
11,1
23,1
132,1
144,1
107,1
72,1
106,1
97,1
149,1
74,1
149,1
127,1
