138,138
113,113
127,127
93,130
145,15
146,133
22,59
148,79
105,105
47,52
40,41
71,71
58,58
47,141
19,37
125,36
17,5
56,56
13,33
130,130
108,20
45,121
119,119
68,68
88,88
28,28
135,135
26,26
14,14
87,87
102,67
68,61
123,122
1,1
146,95
0,0
143,143
150,22
100,100
75,75
150,144
28,28
22,59
53,123
151,66
98,98
17,5
5,49
46,46
137,150
123,142
11,139
104,104
56,56
97,97
127,114
117,65
31,39
48,32
17,17
146,146
52,49
47,138
123,123
146,146
150,150
106,106
8,9
36,5
125,65
150,150
114,114
148,79
73,73
144,13
7,7
15,65
11,12
6,6
144,47
71,71
42,42
57,57
144,144
3,123
56,0
123,149
77,97
54,124
4,4
148,96
146,146
47,45
117,117
63,63
47,59
22,22
67,24
151,151
11,11
138,138
57,57
117,26
43,43
3,116
110,110
84,85
145,145
122,32
120,120
148,148
127,52
82,86
8,8
25,25
111,144
117,117
48,28
29,50
126,154
25,127
140,140
37,37
6,128
24,150
136,136
103,103
111,18
46,46
137,137
88,75
24,43
19,19
9,9
118,65
102,102
117,48
8,129
48,150
14,14
47,104
120,120
86,74
89,76
109,103
57,57
34,34
46,46
14,62
46,124
84,78
90,90
60,60
68,139
66,66
25,25
120,120
5,5
136,27
20,123
127,127
133,62
128,141
33,0
29,4
21,21
47,112
112,112
125,36
18,18
112,112
95,98
92,92
116,34
119,110
11,11
115,115
97,94
116,116
109,109
67,62
71,71
102,102
117,149
75,148
46,137
0,0
54,136
109,109
123,110
85,85
73,73
97,97
17,17
72,129
16,121
54,54
128,72
56,56
110,110
95,87
104,104
62,64
115,115
24,24
143,47
45,14
73,73
71,151
47,143
11,11
132,131
6,7
30,38
47,53
47,47
114,114
45,25
67,31
63,63
33,33
47,70
41,112
95,75
72,18
142,142
26,115
2,37
72,72
39,28
46,9
34,153
3,3
6,5
1,1
37,65
64,64
56,56
20,152
95,95
103,103
94,94
146,18
19,19
124,121
112,112
142,142
25,28
21,72
64,64
128,72
109,109
12,112
146,146
109,6
21,21
12,149
116,48
94,94
113,113
87,98
21,100
45,36
40,40
66,140
84,74
15,13
26,60
60,60
95,95
42,42
69,69
66,66
11,31
39,116
142,138
27,27
115,116
106,66
112,119
12,12
102,118
129,144
131,131
130,95
152,152
130,44
105,105
116,116
89,90
83,83
13,51
99,99
48,35
74,83
19,117
116,115
100,100
89,146
132,130
46,100
73,106
62,62
149,72
78,78
128,54
123,122
133,93
5,16
45,34
108,108
55,55
74,74
36,36
141,141
115,26
24,24
103,98
1,1
77,77
79,86
69,69
59,59
83,83
59,59
142,97
32,32
30,105
8,8
111,58
80,82
34,34
82,90
87,131
19,43
55,110
109,67
6,56
141,141
54,54
127,37
104,5
77,86
115,115
52,61
33,8
88,88
126,126
95,74
154,35
149,149
83,83
107,107
114,114
74,146
146,146
17,0
143,129
132,132
114,114
126,51
70,144
2,2
61,61
6,6
20,147
11,11
21,143
113,113
23,23
20,3
45,70
113,113
47,10
80,80
53,53
70,67
66,141
26,45
128,124
52,52
1,1
81,95
93,93
45,53
135,135
88,21
145,41
84,77
53,141
5,31
47,20
148,148
28,28
72,129
153,145
52,52
150,49
35,145
118,67
111,111
40,38
44,44
67,37
133,96
76,76
90,90
106,111
147,147
119,119
9,9
102,102
12,108
121,121
122,58
134,97
6,45
101,101
130,20
22,22
106,106
134,135
100,32
72,72
143,138
40,24
151,151
32,32
49,4
88,107
122,71
59,59
154,52
128,128
150,50
116,116
70,70
122,142
47,11
118,118
54,54
59,12
13,34
57,99
125,33
110,110
0,61
75,88
65,70
46,46
137,41
69,139
141,53
68,68
143,35
47,57
57,57
136,20
31,31
88,23
24,64
67,30
32,32
18,0
95,97
146,95
145,145
144,144
39,39
146,75
125,62
121,121
64,36
40,38
110,15
28,28
112,112
60,60
92,92
88,135
128,151
12,12
126,126
47,150
33,33
52,49
118,118
60,59
135,135
10,25
128,127
129,46
90,90
3,3
24,37
0,154
23,22
42,42
132,132
21,21
57,24
51,121
120,113
31,2
135,135
115,115
145,149
128,40
15,30
109,109
97,81
12,12
100,100
115,115
19,19
46,39
58,58
46,151
100,100
65,33
31,36
130,91
88,88
79,76
110,110
63,63
87,131
22,22
1,11
68,69
48,28
29,29
40,41
61,41
148,148
78,93
123,123
87,148
124,20
101,101
43,140
47,111
127,127
102,109
22,125
10,42
90,90
95,95
35,35
89,94
123,123
114,149
133,101
22,22
99,99
33,138
90,91
92,92
32,32
48,9
87,88
61,61
45,27
36,36
128,46
20,66
17,33
98,90
56,109
57,70
49,49
79,79
88,88
80,80
18,115
102,102
39,39
56,37
122,142
26,26
143,36
44,44
0,123
24,125
44,45
80,96
145,145
112,42
46,0
62,121
113,113
36,140
132,130
67,67
91,91
23,56
48,48
94,94
100,100
33,48
110,110
95,134
29,29
27,27
111,1
10,10
13,11
137,114
4,4
145,43
23,51
70,67
122,151
45,32
12,12
136,105
109,64
104,104
79,79
95,95
24,38
110,31
139,139
87,87
127,127
96,146
141,141
6,127
111,111
68,63
151,69
20,103
51,10
128,128
14,13
65,138
14,14
55,55
47,121
57,33
89,135
7,7
128,63
152,152
111,143
47,13
129,126
64,0
146,85
96,96
144,144
47,26
3,124
145,15
54,54
47,132
134,76
71,71
149,73
149,149
6,54
81,92
61,20
95,81
110,113
40,68
115,116
77,98
47,112
136,52
57,4
77,146
33,73
111,108
105,105
34,34
145,145
102,18
28,28
81,81
11,11
100,100
112,19
51,51
89,94
25,10
35,16
139,129
58,39
45,50
83,83
139,143
60,147
93,93
114,38
106,106
133,133
104,58
47,54
127,7
56,56
96,96
7,123
52,137
130,97
84,80
37,37
130,86
125,45
24,108
48,28
32,154
1,1
35,35
19,27
48,6
95,85
96,96
125,41
137,141
33,33
57,29
6,11
47,118
132,93
48,48
142,45
6,6
145,67
53,53
59,59
93,93
90,90
4,4
58,3
55,18
137,137
95,96
88,88
4,4
108,21
119,119
148,75
108,59
35,35
29,71
3,51
104,104
23,23
49,52
108,39
47,129
108,108
117,117
4,142
2,37
25,25
126,14
111,111
25,25
31,31
122,71
95,81
28,28
128,128
29,50
145,103
118,24
118,118
131,130
133,133
108,48
6,6
58,152
89,79
10,48
6,7
89,75
97,97
125,35
127,121
71,51
92,92
134,84
58,59
20,22
50,113
68,68
6,4
112,28
123,58
57,66
104,105
47,57
85,85
57,4
18,126
144,144
130,59
108,113
46,127
114,64
107,106
92,92
10,68
132,132
106,106
101,139
1,45
47,109
149,149
76,76
108,108
103,109
150,149
127,40
89,89
96,100
109,103
145,126
97,89
101,101
72,72
77,77
110,110
33,63
66,66
111,115
1,0
114,114
114,102
88,88
101,101
89,131
139,139
11,11
20,71
121,20
128,124
110,110
124,124
52,52
120,119
121,66
45,42
95,80
10,9
20,9
103,103
110,118
144,144
94,94
54,137
148,134
104,25
146,146
128,35
148,88
104,105
100,32
100,41
20,20
61,61
57,127
62,62
144,15
130,79
31,48
47,10
110,110
54,54
74,74
76,76
58,58
48,30
115,115
120,120
132,132
148,146
54,61
130,42
10,10
95,95
96,134
128,126
26,26
60,60
93,93
97,89
151,151
66,20
55,55
148,90
12,12
92,89
37,47
25,9
137,137
25,10
80,80
107,21
55,15
31,40
47,47
61,44
12,153
67,70
16,16
57,103
49,29
154,13
114,111
104,99
104,52
121,152
71,71
12,109
2,2
142,20
61,29
61,60
59,59
134,89
123,9
76,76
19,29
44,44
35,17
71,136
63,63
61,22
71,46
29,40
107,117
96,96
109,109
19,117
42,154
136,137
110,73
42,9
139,139
95,95
83,83
145,66
146,146
95,95
11,11
60,60
81,81
71,71
79,81
126,126
90,87
23,23
116,30
23,23
31,31
13,13
48,30
78,74
136,151
103,109
36,29
14,145
123,122
30,30
47,47
75,75
48,10
128,73
133,133
6,141
107,99
17,12
10,9
23,23
108,108
90,87
20,20
58,100
56,106
148,96
94,94
80,80
145,145
131,80
47,55
106,106
85,76
91,91
46,151
107,107
31,102
123,123
126,140
94,94
88,88
124,26
47,80
101,143
45,45
75,75
57,10
77,77
39,30
113,113
102,15
130,87
44,53
59,145
20,20
142,46
115,115
127,44
115,115
143,143
142,65
121,121
57,57
36,36
151,72
87,74
66,66
113,101
58,58
128,128
46,122
32,32
108,108
50,103
22,22
15,101
0,0
112,112
49,22
110,110
58,58
131,131
6,11
128,54
48,8
106,105
25,3
119,119
34,125
74,86
104,62
125,24
134,82
2,2
38,41
110,110
126,65
11,47
66,146
3,62
122,152
54,39
11,11
24,36
139,139
102,102
13,0
61,46
38,38
23,23
139,129
47,116
67,29
85,85
139,17
0,150
128,68
13,36
100,28
27,21
127,127
129,129
136,10
47,115
116,21
39,24
89,94
58,103
42,42
46,46
21,3
111,2
122,122
20,66
30,109
17,149
70,70
47,69
32,152
40,40
13,13
45,144
15,105
14,52
83,83
139,54
19,19
2,55
20,60
95,95
48,26
117,113
145,152
97,22
50,4
122,17
149,38
11,11
24,45
52,151
148,148
54,54
123,137
73,23
52,49
129,129
3,3
87,84
36,153
91,98
65,65
62,62
119,119
102,18
36,5
52,49
69,109
142,68
13,14
18,18
105,105
99,99
136,136
123,54
46,68
145,110
100,100
68,68
103,104
135,135
146,77
19,72
42,150
30,30
63,62
70,58
23,23
101,101
24,125
117,31
5,5
96,96
28,28
22,22
124,53
1,125
4,49
47,49
89,93
106,143
105,105
139,138
115,117
45,99
89,94
74,74
17,17
40,41
45,21
147,28
47,47
35,17
112,103
60,60
30,38
46,46
107,107
30,16
54,4
77,77
122,12
146,74
85,85
57,33
35,145
135,135
94,94
47,71
104,1
47,62
62,71
121,121
47,147
113,113
6,29
47,105
35,35
111,111
46,127
47,129
36,36
47,12
128,138
145,34
140,125
1,1
100,154
25,25
90,86
150,150
82,82
58,59
139,136
87,78
48,32
89,94
11,11
58,38
99,73
11,149
130,132
126,126
47,15
46,106
29,29
96,96
9,9
138,23
63,65
133,32
8,57
18,18
123,126
57,17
65,154
101,101
97,148
150,152
122,122
40,41
27,27
74,78
47,105
92,92
25,100
79,75
111,16
106,106
65,68
5,5
6,6
46,60
88,84
128,62
145,16
50,4
3,151
55,110
88,133
100,100
57,57
28,154
47,148
56,56
38,42
0,64
83,83
116,22
146,86
31,39
133,133
32,32
16,16
47,120
85,85
107,105
130,81
135,98
71,71
37,27
117,57
130,82
62,137
146,74
5,43
137,152
29,50
103,103
129,129
37,147
29,50
91,91
1,45
42,42
19,36
102,72
95,131
122,53
71,52
4,4
91,91
13,13
57,57
133,3
15,19
18,18
96,96
132,132
9,9
82,80
109,109
95,130
44,44
142,142
138,138
8,8
71,51
64,36
47,153
144,144
141,141
148,86
17,5
80,80
136,145
144,34
89,89
52,111
137,137
47,142
34,13
28,28
108,108
138,138
69,69
9,9
148,148
141,123
134,134
113,113
16,16
118,118
116,116
128,56
79,78
104,107
11,11
150,21
58,58
17,140
44,44
73,55
4,52
66,152
9,3
147,147
59,59
128,53
100,140
2,37
116,99
66,66
89,89
29,29
14,14
34,34
9,34
7,11
132,95
1,1
58,58
120,113
63,71
97,94
104,104
130,131
118,42
102,33
47,11
103,103
47,6
47,109
151,39
37,34
143,105
11,141
77,77
132,132
14,145
47,31
47,142
2,2
22,22
29,34
45,9
72,72
115,115
19,19
8,153
150,70
82,82
137,138
117,21
38,41
18,18
59,59
59,59
86,135
72,72
47,144
72,24
38,26
143,143
93,93
95,91
108,108
21,21
96,135
31,31
27,40
35,35
127,127
44,32
33,116
47,53
21,21
5,5
38,115
31,31
109,120
128,136
32,32
125,125
123,121
47,152
47,24
10,8
89,74
64,36
100,100
148,148
138,61
112,112
143,143
83,83
84,85
95,95
46,52
17,121
47,4
10,10
149,19
72,43
61,141
149,149
87,78
119,112
30,109
45,8
81,81
19,19
0,0
106,106
121,137
76,88
146,146
32,32
60,60
47,32
50,21
127,40
29,137
146,133
57,18
47,47
111,67
6,6
21,21
52,50
88,85
16,16
55,55
14,14
29,29
81,80
107,107
111,106
25,25
9,10
32,32
108,108
110,22
3,5
115,115
47,124
82,82
134,75
47,62
38,38
9,9
33,33
154,154
22,22
84,84
111,111
8,8
56,56
128,53
39,39
142,142
47,102
83,83
128,71
68,141
4,31
130,87
11,104
123,43
90,90
78,77
139,0
1,1
37,104
106,104
25,25
123,137
64,41
154,10
105,105
47,139
31,118
79,79
134,134
122,49
9,9
84,85
32,32
68,10
6,6
48,48
89,89
88,88
130,90
145,145
55,71
72,129
47,122
130,133
12,12
89,93
59,39
12,5
146,77
114,114
144,15
98,98
32,32
110,55
30,30
48,48
127,53
138,49
3,3
130,130
72,138
66,66
102,70
30,30
66,151
144,34
152,152
85,75
56,56
2,2
96,85
135,82
98,98
128,141
121,49
47,34
128,52
11,11
107,107
10,9
134,89
47,59
26,121
132,132
59,64
122,151
46,46
13,13
110,121
20,25
62,68
27,27
73,73
139,11
62,65
107,24
24,24
69,69
109,109
134,134
99,99
91,91
127,47
135,80
13,15
27,27
4,4
126,126
50,24
133,134
64,150
10,28
84,84
122,14
69,52
84,84
11,11
46,46
7,7
148,76
154,25
68,68
88,85
44,44
80,82
133,133
27,27
45,69
148,148
117,117
42,57
58,58
90,86
20,24
104,124
129,129
36,68
144,34
86,76
15,15
71,50
117,26
111,136
109,58
6,33
154,6
93,94
124,50
109,21
95,95
142,105
98,98
2,113
130,47
79,79
88,88
145,145
123,72
72,72
130,86
112,112
99,73
67,63
133,79
58,103
60,60
23,35
89,96
70,70
47,22
112,119
123,27
79,79
123,49
135,97
86,74
47,148
128,15
38,41
146,146
117,17
3,3
58,23
123,124
129,70
52,49
47,145
86,86
122,122
117,120
49,29
129,26
47,42
47,2
6,46
92,92
111,55
122,136
67,107
104,104
114,0
79,79
95,97
11,11
106,117
91,91
146,130
49,51
111,111
137,137
146,134
64,5
47,108
145,5
47,0
149,149
42,29
73,73
42,70
38,40
141,6
126,126
60,20
6,33
12,12
111,63
119,119
99,99
137,151
15,15
123,28
87,87
112,125
4,4
19,19
128,58
55,56
85,85
104,104
85,85
4,4
89,89
40,40
52,111
146,81
120,120
99,99
45,46
106,106
48,48
14,14
47,118
53,123
29,122
116,56
35,35
67,67
139,32
109,109
25,10
79,135
126,126
60,60
46,22
78,93
118,70
47,31
46,127
116,31
47,7
49,4
99,99
34,34
105,55
69,69
11,145
130,76
126,58
97,97
66,20
19,41
124,124
37,39
45,6
47,144
81,133
120,120
88,75
140,140
131,131
99,99
123,107
102,102
133,89
115,115
80,90
84,85
128,29
114,114
151,54
24,24
55,55
145,16
69,69
18,21
45,108
52,50
0,62
33,33
68,68
52,52
91,91
125,126
142,142
153,50
34,34
66,153
148,148
3,23
60,20
10,10
47,68
127,57
27,38
122,68
81,81
130,94
72,72
56,56
107,58
101,101
123,10
107,107
52,101
1,1
103,103
99,73
72,72
98,98
47,70
80,80
46,12
31,31
116,72
118,118
47,47
11,11
2,2
73,139
85,85
23,64
40,40
122,124
70,70
119,119
79,98
44,4
33,33
111,65
58,139
48,12
14,14
120,120
38,38
77,78
122,117
12,12
122,114
140,140
47,137
29,58
66,66
27,27
9,51
33,33
36,28
54,54
128,127
12,62
95,93
123,126
47,3
47,140
80,80
6,6
130,50
79,83
96,91
128,38
3,3
36,36
150,48
109,109
41,39
70,39
84,84
57,57
127,70
142,142
112,112
62,62
24,40
24,23
127,127
51,126
138,138
69,45
115,115
47,150
143,143
24,147
0,40
62,30
16,16
45,3
97,86
74,84
128,72
18,18
71,71
26,26
50,50
32,150
45,45
38,38
47,116
70,63
50,32
128,122
22,22
66,22
128,34
22,22
137,137
133,133
45,25
137,12
57,73
44,44
124,124
96,96
88,76
128,0
16,16
126,153
21,3
6,6
119,119
61,22
137,71
123,55
87,74
70,34
113,19
68,62
60,61
48,33
17,149
111,40
59,150
81,81
116,116
75,75
25,48
75,75
148,82
122,138
25,109
115,129
11,11
47,37
6,69
130,77
36,40
14,126
27,39
5,5
82,80
27,27
94,94
110,110
47,77
4,4
32,63
100,38
109,80
77,77
55,55
45,35
