114,1
93,1
118,1
43,1
77,1
120,1
100,1
136,1
52,1
128,1
91,1
101,1
146,1
35,1
74,1
21,1
110,1
134,1
0,1
136,1
42,1
88,1
1,1
142,1
5,1
108,1
102,1
111,1
77,1
83,1
49,1
20,1
90,1
113,1
47,1
12,1
115,1
78,1
5,1
145,1
45,1
13,1
24,1
83,1
124,1
42,1
133,1
13,1
145,1
13,1
17,1
114,1
62,1
47,1
148,1
144,1
134,1
69,1
57,1
57,1
149,1
90,1
42,1
34,1
111,1
100,1
29,1
53,1
88,1
117,1
83,1
68,1
47,1
87,1
148,1
154,1
10,1
76,1
60,1
106,1
128,1
10,1
52,1
39,1
140,1
58,1
7,1
5,1
7,1
88,1
100,1
45,1
142,1
129,1
56,1
106,1
25,1
87,1
133,1
32,1
36,1
97,1
63,1
56,1
19,1
128,1
34,1
129,1
137,1
5,1
32,1
127,1
7,1
118,1
104,1
111,1
133,1
129,1
86,1
31,1
113,1
92,1
36,1
126,1
5,1
43,1
124,1
100,1
36,1
45,1
74,1
123,1
7,1
142,1
5,1
77,1
28,1
46,1
119,1
64,1
83,1
38,1
64,1
46,1
55,1
145,1
127,1
14,1
56,1
140,1
20,1
55,1
54,1
89,1
21,1
143,1
40,1
77,1
94,1
41,1
90,1
146,1
27,1
42,1
29,1
148,1
20,1
123,1
145,1
133,1
123,1
82,1
100,1
103,1
14,1
32,1
115,1
104,1
40,1
115,1
123,1
134,1
108,1
86,1
42,1
7,1
81,1
144,1
26,1
142,1
133,1
118,1
82,1
127,1
151,1
108,1
89,1
59,1
109,1
137,1
39,1
36,1
30,1
22,1
69,1
150,1
107,1
142,1
60,1
54,1
13,1
66,1
29,1
126,1
84,1
8,1
34,1
122,1
68,1
109,1
10,1
65,1
101,1
1,1
85,1
127,1
88,1
120,1
60,1
54,1
39,1
78,1
45,1
101,1
46,1
54,1
105,1
45,1
144,1
89,1
88,1
7,1
0,1
102,1
107,1
34,1
109,1
140,1
93,1
142,1
113,1
88,1
146,1
45,1
154,1
6,1
14,1
33,1
56,1
95,1
1,1
10,1
68,1
147,1
28,1
43,1
117,1
144,1
41,1
10,1
116,1
150,1
37,1
141,1
16,1
77,1
40,1
25,1
8,1
111,1
50,1
154,1
123,1
128,1
10,1
110,1
16,1
29,1
21,1
76,1
47,1
142,1
41,1
31,1
101,1
70,1
134,1
37,1
137,1
138,1
140,1
97,1
75,1
72,1
63,1
132,1
49,1
101,1
81,1
24,1
33,1
101,1
21,1
85,1
139,1
1,1
148,1
34,1
83,1
100,1
15,1
54,1
133,1
54,1
88,1
28,1
149,1
123,1
62,1
84,1
105,1
95,1
43,1
108,1
14,1
81,1
42,1
84,1
94,1
69,1
30,1
30,1
77,1
148,1
36,1
140,1
46,1
61,1
59,1
47,1
6,1
114,1
112,1
150,1
24,1
7,1
136,1
12,1
142,1
10,1
30,1
101,1
18,1
46,1
71,1
57,1
47,1
124,1
37,1
36,1
36,1
5,1
59,1
96,1
144,1
91,1
137,1
40,1
9,1
147,1
54,1
13,1
29,1
47,1
150,1
134,1
141,1
150,1
45,1
57,1
57,1
130,1
111,1
95,1
88,1
72,1
142,1
144,1
82,1
133,1
54,1
46,1
19,1
5,1
107,1
88,1
42,1
98,1
0,1
124,1
130,1
22,1
142,1
28,1
122,1
47,1
29,1
47,1
130,1
47,1
45,1
96,1
11,1
54,1
45,1
142,1
142,1
21,1
96,1
40,1
5,1
69,1
154,1
102,1
99,1
14,1
35,1
70,1
13,1
36,1
36,1
126,1
45,1
56,1
85,1
97,1
128,1
130,1
123,1
137,1
69,1
33,1
82,1
126,1
52,1
21,1
36,1
83,1
46,1
138,1
137,1
123,1
16,1
123,1
43,1
33,1
17,1
30,1
61,1
30,1
133,1
28,1
37,1
94,1
33,1
37,1
67,1
6,1
47,1
24,1
110,1
1,1
33,1
133,1
123,1
126,1
65,1
62,1
88,1
4,1
25,1
140,1
106,1
16,1
139,1
74,1
150,1
116,1
143,1
58,1
109,1
53,1
128,1
23,1
35,1
97,1
28,1
49,1
88,1
30,1
142,1
140,1
15,1
11,1
117,1
54,1
85,1
129,1
34,1
111,1
9,1
53,1
36,1
44,1
45,1
75,1
58,1
108,1
31,1
66,1
102,1
25,1
153,1
36,1
63,1
67,1
1,1
62,1
6,1
64,1
103,1
123,1
61,1
71,1
134,1
81,1
13,1
119,1
107,1
9,1
133,1
40,1
110,1
23,1
47,1
78,1
46,1
96,1
62,1
42,1
59,1
83,1
5,1
58,1
143,1
108,1
4,1
130,1
31,1
154,1
74,1
82,1
2,1
57,1
134,1
133,1
47,1
52,1
4,1
8,1
5,1
5,1
104,1
64,1
131,1
32,1
75,1
33,1
122,1
125,1
144,1
107,1
57,1
76,1
90,1
128,1
9,1
34,1
138,1
59,1
123,1
59,1
129,1
1,1
128,1
51,1
4,1
105,1
117,1
126,1
59,1
36,1
54,1
23,1
9,1
28,1
150,1
137,1
47,1
140,1
35,1
120,1
49,1
40,1
10,1
54,1
94,1
121,1
98,1
140,1
53,1
57,1
118,1
57,1
47,1
59,1
121,1
87,1
2,1
1,1
152,1
88,1
128,1
77,1
133,1
87,1
9,1
122,1
72,1
88,1
115,1
117,1
102,1
21,1
43,1
53,1
79,1
129,1
87,1
63,1
34,1
88,1
109,1
29,1
116,1
124,1
6,1
125,1
11,1
41,1
27,1
57,1
34,1
97,1
70,1
128,1
141,1
120,1
105,1
34,1
4,1
109,1
129,1
53,1
64,1
34,1
10,1
65,1
43,1
114,1
11,1
133,1
53,1
133,1
26,1
39,1
97,1
106,1
127,1
143,1
142,1
7,1
5,1
151,1
79,1
97,1
88,1
8,1
128,1
37,1
19,1
77,1
32,1
14,1
127,1
11,1
120,1
25,1
46,1
1,1
5,1
100,1
106,1
59,1
147,1
127,1
50,1
41,1
46,1
64,1
26,1
30,1
23,1
118,1
7,1
128,1
28,1
142,1
88,1
144,1
2,1
20,1
95,1
142,1
142,1
33,1
115,1
36,1
123,1
47,1
9,1
12,1
128,1
47,1
29,1
132,1
132,1
4,1
123,1
98,1
154,1
88,1
93,1
18,1
29,1
20,1
125,1
13,1
149,1
50,1
133,1
142,1
31,1
128,1
135,1
31,1
98,1
113,1
115,1
39,1
51,1
96,1
7,1
112,1
33,1
133,1
2,1
91,1
0,1
143,1
37,1
100,1
32,1
73,1
29,1
120,1
46,1
29,1
63,1
139,1
110,1
32,1
114,1
57,1
129,1
90,1
122,1
129,1
110,1
52,1
118,1
105,1
18,1
142,1
112,1
74,1
7,1
92,1
151,1
133,1
8,1
53,1
58,1
136,1
89,1
134,1
21,1
29,1
1,1
23,1
123,1
80,1
133,1
142,1
106,1
127,1
100,1
10,1
8,1
8,1
87,1
88,1
36,1
96,1
88,1
74,1
12,1
5,1
64,1
33,1
16,1
6,1
76,1
127,1
111,1
66,1
99,1
55,1
127,1
29,1
139,1
88,1
101,1
57,1
112,1
148,1
33,1
38,1
47,1
93,1
133,1
33,1
16,1
94,1
43,1
101,1
88,1
21,1
60,1
31,1
18,1
109,1
63,1
69,1
127,1
127,1
75,1
70,1
128,1
46,1
34,1
110,1
126,1
90,1
57,1
11,1
45,1
133,1
1,1
0,1
127,1
26,1
145,1
46,1
127,1
133,1
28,1
131,1
82,1
26,1
0,1
11,1
72,1
73,1
139,1
75,1
107,1
125,1
34,1
20,1
101,1
137,1
90,1
101,1
111,1
79,1
61,1
109,1
37,1
60,1
97,1
142,1
142,1
99,1
32,1
104,1
85,1
133,1
64,1
75,1
107,1
45,1
63,1
93,1
35,1
80,1
117,1
41,1
104,1
118,1
96,1
54,1
73,1
21,1
87,1
15,1
150,1
79,1
100,1
35,1
142,1
133,1
15,1
69,1
64,1
16,1
55,1
83,1
95,1
11,1
39,1
150,1
126,1
57,1
77,1
78,1
105,1
113,1
118,1
86,1
119,1
128,1
115,1
119,1
31,1
82,1
29,1
14,1
39,1
104,1
95,1
61,1
65,1
72,1
111,1
12,1
124,1
105,1
128,1
111,1
19,1
102,1
74,1
32,1
42,1
133,1
98,1
142,1
21,1
76,1
40,1
74,1
20,1
104,1
148,1
29,1
89,1
108,1
37,1
138,1
93,1
76,1
123,1
54,1
23,1
121,1
23,1
47,1
47,1
48,1
7,1
90,1
47,1
71,1
142,1
53,1
79,1
24,1
39,1
39,1
38,1
76,1
5,1
47,1
142,1
47,1
114,1
150,1
88,1
67,1
49,1
100,1
114,1
47,1
113,1
8,1
17,1
29,1
39,1
142,1
128,1
116,1
2,1
0,1
6,1
133,1
117,1
139,1
64,1
128,1
93,1
136,1
58,1
45,1
34,1
73,1
104,1
142,1
141,1
105,1
40,1
9,1
79,1
7,1
144,1
25,1
15,1
38,1
31,1
34,1
30,1
110,1
47,1
82,1
42,1
108,1
39,1
29,1
91,1
109,1
27,1
137,1
122,1
50,1
115,1
118,1
14,1
28,1
146,1
131,1
133,1
42,1
108,1
140,1
66,1
24,1
89,1
126,1
85,1
21,1
133,1
120,1
103,1
3,1
140,1
152,1
133,1
58,1
69,1
12,1
110,1
147,1
33,1
93,1
58,1
56,1
84,1
151,1
121,1
22,1
137,1
53,1
83,1
88,1
101,1
133,1
142,1
59,1
30,1
54,1
90,1
16,1
113,1
124,1
133,1
112,1
46,1
18,1
94,1
97,1
97,1
123,1
107,1
37,1
133,1
133,1
63,1
106,1
46,1
43,1
85,1
149,1
134,1
139,1
82,1
71,1
97,1
142,1
28,1
53,1
141,1
133,1
44,1
123,1
147,1
143,1
86,1
133,1
13,1
45,1
4,1
97,1
142,1
145,1
139,1
104,1
16,1
10,1
117,1
32,1
63,1
2,1
19,1
154,1
61,1
97,1
135,1
96,1
145,1
24,1
88,1
104,1
14,1
15,1
94,1
151,1
70,1
138,1
14,1
16,1
24,1
67,1
67,1
47,1
83,1
99,1
58,1
47,1
59,1
17,1
16,1
129,1
34,1
119,1
127,1
10,1
78,1
106,1
30,1
137,1
29,1
133,1
142,1
108,1
7,1
81,1
132,1
2,1
28,1
69,1
57,1
42,1
134,1
48,1
66,1
133,1
71,1
82,1
14,1
30,1
52,1
133,1
112,1
139,1
35,1
54,1
112,1
87,1
80,1
88,1
33,1
128,1
40,1
149,1
149,1
102,1
1,1
39,1
99,1
121,1
7,1
145,1
2,1
47,1
131,1
86,1
133,1
66,1
36,1
53,1
10,1
65,1
151,1
112,1
136,1
88,1
144,1
92,1
34,1
88,1
112,1
104,1
77,1
69,1
88,1
89,1
16,1
143,1
62,1
123,1
28,1
77,1
83,1
30,1
143,1
17,1
140,1
85,1
88,1
117,1
150,1
141,1
142,1
99,1
42,1
109,1
67,1
7,1
148,1
122,1
136,1
114,1
1,1
140,1
135,1
114,1
117,1
5,1
34,1
122,1
24,1
128,1
73,1
106,1
29,1
69,1
142,1
123,1
100,1
67,1
128,1
142,1
54,1
89,1
6,1
25,1
118,1
118,1
130,1
130,1
118,1
4,1
111,1
29,1
7,1
77,1
84,1
97,1
60,1
138,1
86,1
115,1
142,1
28,1
137,1
57,1
49,1
61,1
10,1
54,1
103,1
101,1
77,1
143,1
70,1
23,1
83,1
38,1
72,1
13,1
68,1
97,1
143,1
109,1
89,1
142,1
58,1
89,1
66,1
47,1
145,1
13,1
103,1
85,1
125,1
28,1
122,1
147,1
29,1
140,1
36,1
90,1
130,1
133,1
54,1
144,1
94,1
72,1
142,1
110,1
126,1
90,1
26,1
76,1
109,1
39,1
64,1
120,1
142,1
17,1
47,1
134,1
132,1
3,1
123,1
128,1
105,1
124,1
54,1
85,1
121,1
36,1
128,1
29,1
34,1
41,1
35,1
4,1
20,1
144,1
16,1
133,1
51,1
142,1
70,1
133,1
93,1
26,1
67,1
45,1
2,1
135,1
58,1
6,1
36,1
1,1
134,1
54,1
97,1
14,1
74,1
32,1
7,1
34,1
5,1
37,1
27,1
36,1
107,1
24,1
59,1
75,1
26,1
116,1
133,1
68,1
133,1
81,1
1,1
142,1
19,1
129,1
39,1
137,1
48,1
149,1
98,1
12,1
142,1
64,1
102,1
49,1
79,1
22,1
92,1
91,1
88,1
151,1
134,1
102,1
148,1
128,1
10,1
139,1
152,1
112,1
109,1
103,1
153,1
118,1
88,1
12,1
49,1
142,1
4,1
105,1
24,1
42,1
151,1
148,1
47,1
82,1
14,1
110,1
28,1
12,1
47,1
142,1
12,1
130,1
104,1
44,1
13,1
67,1
83,1
13,1
57,1
142,1
50,1
109,1
117,1
47,1
12,1
44,1
147,1
3,1
15,1
44,1
76,1
32,1
148,1
67,1
7,1
88,1
119,1
137,1
33,1
133,1
48,1
108,1
78,1
19,1
141,1
60,1
47,1
147,1
126,1
28,1
102,1
77,1
27,1
54,1
108,1
32,1
67,1
54,1
85,1
133,1
102,1
120,1
47,1
70,1
134,1
42,1
17,1
47,1
8,1
140,1
112,1
52,1
93,1
32,1
17,1
47,1
133,1
48,1
105,1
128,1
36,1
137,1
69,1
127,1
130,1
30,1
142,1
28,1
47,1
19,1
89,1
133,1
49,1
106,1
152,1
102,1
133,1
142,1
47,1
84,1
36,1
39,1
66,1
108,1
26,1
104,1
119,1
98,1
114,1
63,1
97,1
41,1
128,1
95,1
59,1
23,1
39,1
105,1
45,1
111,1
23,1
52,1
22,1
34,1
61,1
46,1
113,1
88,1
46,1
65,1
73,1
73,1
129,1
127,1
141,1
119,1
61,1
37,1
153,1
124,1
112,1
126,1
101,1
102,1
97,1
11,1
110,1
17,1
95,1
9,1
103,1
134,1
46,1
2,1
30,1
85,1
150,1
88,1
15,1
124,1
1,1
46,1
11,1
35,1
31,1
105,1
68,1
65,1
72,1
78,1
108,1
127,1
93,1
71,1
124,1
10,1
76,1
140,1
68,1
146,1
118,1
85,1
140,1
66,1
47,1
111,1
60,1
1,1
41,1
118,1
35,1
143,1
99,1
65,1
93,1
102,1
42,1
56,1
25,1
120,1
18,1
145,1
31,1
124,1
11,1
37,1
130,1
50,1
86,1
138,1
56,1
112,1
40,1
14,1
57,1
90,1
146,1
88,1
49,1
139,1
132,1
2,1
78,1
7,1
150,1
44,1
43,1
82,1
96,1
15,1
54,1
47,1
28,1
111,1
14,1
18,1
65,1
143,1
49,1
120,1
98,1
29,1
97,1
47,1
54,1
100,1
36,1
70,1
15,1
87,1
7,1
72,1
39,1
72,1
19,1
55,1
131,1
128,1
69,1
44,1
1,1
18,1
123,1
76,1
39,1
8,1
133,1
5,1
144,1
56,1
102,1
133,1
125,1
34,1
133,1
153,1
137,1
57,1
121,1
145,1
47,1
47,1
95,1
129,1
54,1
31,1
30,1
45,1
142,1
120,1
91,1
45,1
141,1
47,1
59,1
75,1
128,1
18,1
128,1
82,1
123,1
25,1
127,1
150,1
3,1
142,1
151,1
67,1
57,1
136,1
50,1
142,1
130,1
54,1
134,1
89,1
50,1
36,1
49,1
72,1
76,1
85,1
68,1
14,1
141,1
133,1
97,1
70,1
17,1
43,1
143,1
14,1
154,1
134,1
53,1
36,1
69,1
74,1
112,1
121,1
40,1
18,1
48,1
43,1
10,1
33,1
15,1
116,1
16,1
145,1
49,1
25,1
7,1
89,1
101,1
28,1
35,1
28,1
7,1
137,1
62,1
27,1
67,1
109,1
142,1
26,1
33,1
30,1
90,1
151,1
72,1
11,1
133,1
105,1
62,1
74,1
142,1
81,1
12,1
33,1
26,1
69,1
125,1
88,1
116,1
148,1
79,1
100,1
71,1
4,1
23,1
89,1
30,1
131,1
49,1
43,1
83,1
142,1
95,1
139,1
84,1
29,1
83,1
48,1
31,1
114,1
128,1
66,1
43,1
142,1
83,1
18,1
110,1
57,1
24,1
101,1
153,1
123,1
90,1
11,1
128,1
68,1
96,1
47,1
84,1
61,1
16,1
19,1
56,1
118,1
105,1
29,1
145,1
40,1
18,1
80,1
142,1
91,1
142,1
50,1
11,1
82,1
121,1
137,1
34,1
114,1
21,1
124,1
68,1
92,1
78,1
142,1
78,1
104,1
47,1
61,1
49,1
109,1
33,1
88,1
57,1
141,1
10,1
139,1
128,1
121,1
16,1
29,1
117,1
128,1
28,1
93,1
33,1
26,1
8,1
47,1
60,1
67,1
64,1
92,1
142,1
62,1
46,1
91,1
46,1
137,1
96,1
0,1
36,1
133,1
102,1
122,1
128,1
39,1
21,1
29,1
104,1
31,1
68,1
26,1
77,1
108,1
0,1
121,1
114,1
54,1
57,1
2,1
7,1
30,1
128,1
13,1
26,1
0,1
39,1
142,1
101,1
4,1
34,1
133,1
131,1
39,1
91,1
133,1
68,1
133,1
91,1
128,1
7,1
61,1
25,1
97,1
112,1
112,1
100,1
110,1
134,1
47,1
26,1
88,1
47,1
73,1
133,1
133,1
70,1
87,1
67,1
57,1
117,1
61,1
150,1
138,1
24,1
99,1
104,1
58,1
75,1
97,1
56,1
100,1
8,1
133,1
148,1
109,1
111,1
100,1
5,1
41,1
124,1
77,1
37,1
146,1
0,1
11,1
58,1
116,1
2,1
119,1
30,1
7,1
104,1
31,1
150,1
148,1
126,1
45,1
54,1
127,1
126,1
1,1
130,1
23,1
123,1
98,1
123,1
127,1
141,1
97,1
105,1
20,1
150,1
74,1
40,1
105,1
106,1
110,1
42,1
98,1
125,1
25,1
12,1
123,1
73,1
28,1
26,1
28,1
101,1
14,1
145,1
135,1
104,1
1,1
133,1
22,1
54,1
77,1
115,1
93,1
105,1
48,1
14,1
68,1
7,1
5,1
102,1
75,1
58,1
104,1
16,1
40,1
21,1
143,1
36,1
133,1
12,1
58,1
98,1
143,1
104,1
124,1
87,1
135,1
105,1
109,1
104,1
132,1
142,1
44,1
46,1
119,1
101,1
11,1
102,1
12,1
1,1
6,1
128,1
100,1
49,1
44,1
44,1
104,1
77,1
40,1
65,1
138,1
142,1
100,1
8,1
70,1
82,1
117,1
89,1
101,1
134,1
24,1
149,1
55,1
124,1
71,1
47,1
28,1
128,1
91,1
29,1
127,1
111,1
138,1
55,1
96,1
35,1
116,1
45,1
95,1
11,1
53,1
3,1
134,1
20,1
67,1
133,1
127,1
38,1
126,1
106,1
12,1
3,1
97,1
67,1
34,1
100,1
98,1
64,1
132,1
10,1
30,1
69,1
114,1
57,1
113,1
61,1
110,1
49,1
61,1
59,1
3,1
125,1
123,1
49,1
141,1
47,1
138,1
144,1
2,1
129,1
23,1
33,1
126,1
135,1
29,1
58,1
36,1
117,1
54,1
119,1
128,1
34,1
23,1
28,1
63,1
13,1
134,1
111,1
131,1
143,1
106,1
101,1
93,1
47,1
49,1
62,1
36,1
128,1
95,1
97,1
68,1
2,1
127,1
120,1
88,1
29,1
47,1
133,1
111,1
88,1
123,1
109,1
30,1
67,1
27,1
66,1
25,1
77,1
48,1
118,1
97,1
28,1
110,1
48,1
106,1
48,1
24,1
59,1
138,1
97,1
125,1
105,1
77,1
150,1
0,1
18,1
109,1
65,1
46,1
46,1
54,1
128,1
1,1
28,1
97,1
29,1
92,1
128,1
15,1
99,1
134,1
133,1
42,1
131,1
6,1
49,1
103,1
115,1
126,1
128,1
114,1
96,1
84,1
49,1
119,1
28,1
40,1
151,1
128,1
133,1
107,1
92,1
2,1
143,1
44,1
152,1
3,1
49,1
149,1
54,1
128,1
20,1
142,1
50,1
35,1
40,1
43,1
30,1
141,1
143,1
87,1
101,1
83,1
114,1
92,1
68,1
129,1
102,1
141,1
114,1
113,1
56,1
29,1
17,1
88,1
111,1
117,1
116,1
31,1
39,1
34,1
47,1
96,1
5,1
32,1
74,1
94,1
49,1
55,1
26,1
91,1
28,1
142,1
97,1
112,1
62,1
37,1
23,1
85,1
69,1
18,1
87,1
56,1
109,1
92,1
30,1
69,1
133,1
28,1
103,1
97,1
145,1
46,1
95,1
82,1
116,1
12,1
33,1
42,1
31,1
53,1
79,1
16,1
98,1
9,1
29,1
20,1
8,1
57,1
96,1
46,1
128,1
29,1
35,1
99,1
33,1
4,1
124,1
28,1
5,1
133,1
76,1
83,1
124,1
12,1
47,1
115,1
10,1
120,1
26,1
11,1
17,1
88,1
131,1
84,1
97,1
104,1
127,1
153,1
106,1
30,1
149,1
29,1
26,1
123,1
0,1
101,1
42,1
90,1
88,1
137,1
133,1
36,1
37,1
8,1
45,1
30,1
53,1
19,1
88,1
121,1
113,1
9,1
29,1
51,1
127,1
31,1
129,1
135,1
135,1
150,1
78,1
117,1
138,1
61,1
98,1
3,1
27,1
17,1
56,1
1,1
60,1
127,1
134,1
31,1
65,1
129,1
148,1
93,1
65,1
101,1
82,1
102,1
55,1
30,1
125,1
15,1
133,1
10,1
133,1
97,1
141,1
133,1
31,1
15,1
32,1
120,1
14,1
18,1
81,1
16,1
111,1
142,1
107,1
120,1
77,1
123,1
146,1
28,1
53,1
109,1
14,1
37,1
123,1
115,1
57,1
124,1
21,1
75,1
111,1
35,1
89,1
20,1
9,1
97,1
67,1
57,1
133,1
38,1
127,1
141,1
47,1
47,1
106,1
73,1
126,1
131,1
27,1
3,1
91,1
132,1
47,1
49,1
92,1
116,1
1,1
76,1
23,1
29,1
83,1
78,1
10,1
48,1
50,1
144,1
47,1
92,1
82,1
34,1
123,1
94,1
127,1
75,1
129,1
37,1
2,1
50,1
37,1
17,1
30,1
128,1
114,1
42,1
53,1
32,1
43,1
22,1
133,1
12,1
129,1
85,1
129,1
133,1
75,1
1,1
142,1
45,1
48,1
112,1
130,1
127,1
7,1
142,1
9,1
67,1
146,1
127,1
8,1
87,1
134,1
90,1
121,1
142,1
73,1
2,1
16,1
47,1
85,1
114,1
97,1
30,1
68,1
142,1
62,1
88,1
69,1
124,1
115,1
64,1
10,1
102,1
27,1
138,1
21,1
133,1
94,1
132,1
39,1
142,1
7,1
105,1
70,1
124,1
142,1
123,1
93,1
47,1
71,1
49,1
31,1
138,1
14,1
79,1
49,1
12,1
79,1
61,1
120,1
107,1
137,1
128,1
128,1
24,1
48,1
60,1
71,1
3,1
36,1
150,1
128,1
101,1
142,1
26,1
71,1
8,1
52,1
118,1
128,1
63,1
8,1
5,1
102,1
57,1
142,1
145,1
72,1
79,1
80,1
49,1
4,1
36,1
46,1
10,1
133,1
10,1
44,1
48,1
142,1
113,1
6,1
100,1
63,1
26,1
128,1
108,1
113,1
1,1
131,1
5,1
62,1
38,1
13,1
131,1
45,1
142,1
105,1
150,1
89,1
54,1
44,1
94,1
85,1
10,1
57,1
6,1
117,1
120,1
63,1
95,1
44,1
118,1
113,1
128,1
128,1
142,1
57,1
83,1
36,1
89,1
96,1
95,1
133,1
140,1
41,1
74,1
142,1
130,1
47,1
2,1
126,1
130,1
24,1
93,1
21,1
99,1
111,1
134,1
103,1
94,1
13,1
76,1
149,1
47,1
123,1
54,1
94,1
18,1
25,1
36,1
147,1
47,1
124,1
11,1
47,1
68,1
114,1
108,1
117,1
28,1
133,1
43,1
80,1
132,1
100,1
112,1
147,1
140,1
123,1
93,1
135,1
30,1
121,1
68,1
57,1
42,1
62,1
124,1
70,1
120,1
94,1
60,1
62,1
66,1
110,1
78,1
20,1
117,1
56,1
128,1
51,1
109,1
57,1
44,1
88,1
34,1
47,1
134,1
106,1
46,1
54,1
73,1
64,1
47,1
7,1
93,1
128,1
65,1
146,1
11,1
10,1
23,1
128,1
70,1
19,1
122,1
134,1
109,1
25,1
6,1
97,1
54,1
87,1
13,1
34,1
53,1
143,1
103,1
107,1
0,1
44,1
11,1
48,1
7,1
86,1
151,1
73,1
110,1
97,1
116,1
45,1
51,1
59,1
43,1
140,1
50,1
86,1
124,1
117,1
87,1
28,1
133,1
84,1
44,1
104,1
153,1
123,1
48,1
113,1
7,1
55,1
30,1
142,1
149,1
54,1
111,1
59,1
126,1
141,1
33,1
132,1
51,1
34,1
66,1
50,1
147,1
137,1
134,1
109,1
24,1
111,1
43,1
53,1
52,1
142,1
31,1
5,1
142,1
68,1
20,1
3,1
131,1
106,1
15,1
53,1
143,1
14,1
95,1
7,1
46,1
138,1
74,1
46,1
65,1
119,1
76,1
54,1
23,1
48,1
142,1
78,1
117,1
139,1
46,1
86,1
118,1
7,1
2,1
97,1
28,1
43,1
76,1
37,1
103,1
93,1
118,1
15,1
29,1
47,1
128,1
79,1
58,1
145,1
9,1
11,1
16,1
107,1
27,1
37,1
122,1
124,1
43,1
8,1
111,1
132,1
28,1
28,1
139,1
146,1
145,1
133,1
39,1
133,1
145,1
30,1
9,1
41,1
24,1
22,1
117,1
46,1
100,1
142,1
118,1
54,1
142,1
83,1
32,1
133,1
68,1
46,1
38,1
45,1
37,1
57,1
56,1
33,1
151,1
110,1
113,1
77,1
146,1
101,1
128,1
149,1
100,1
120,1
123,1
144,1
82,1
101,1
85,1
47,1
118,1
104,1
42,1
64,1
3,1
33,1
133,1
132,1
43,1
133,1
68,1
142,1
120,1
100,1
146,1
42,1
144,1
107,1
133,1
12,1
138,1
15,1
66,1
82,1
136,1
33,1
27,1
66,1
145,1
128,1
127,1
98,1
26,1
74,1
61,1
25,1
151,1
58,1
52,1
123,1
109,1
50,1
46,1
100,1
19,1
54,1
29,1
4,1
142,1
47,1
78,1
128,1
118,1
59,1
111,1
27,1
107,1
143,1
62,1
147,1
34,1
141,1
128,1
117,1
50,1
134,1
4,1
0,1
82,1
130,1
74,1
28,1
37,1
97,1
94,1
83,1
27,1
143,1
114,1
81,1
21,1
16,1
107,1
78,1
126,1
140,1
133,1
114,1
133,1
37,1
13,1
18,1
50,1
118,1
104,1
64,1
16,1
125,1
149,1
57,1
147,1
98,1
144,1
26,1
87,1
42,1
111,1
127,1
149,1
85,1
85,1
114,1
111,1
47,1
108,1
38,1
99,1
54,1
54,1
113,1
113,1
107,1
117,1
100,1
94,1
88,1
105,1
46,1
20,1
16,1
115,1
65,1
97,1
142,1
83,1
52,1
10,1
12,1
103,1
135,1
1,1
142,1
110,1
142,1
141,1
59,1
106,1
5,1
150,1
133,1
90,1
33,1
26,1
97,1
5,1
31,1
74,1
42,1
20,1
0,1
85,1
125,1
133,1
134,1
118,1
20,1
45,1
47,1
78,1
124,1
112,1
141,1
20,1
134,1
93,1
37,1
138,1
46,1
128,1
126,1
29,1
107,1
57,1
120,1
64,1
42,1
93,1
26,1
79,1
15,1
69,1
135,1
47,1
76,1
151,1
69,1
33,1
7,1
60,1
151,1
67,1
128,1
9,1
47,1
62,1
42,1
103,1
140,1
48,1
97,1
133,1
0,1
108,1
47,1
154,1
33,1
88,1
12,1
28,1
67,1
9,1
37,1
54,1
47,1
23,1
8,1
103,1
109,1
27,1
50,1
140,1
143,1
117,1
3,1
146,1
78,1
127,1
23,1
79,1
95,1
78,1
135,1
113,1
42,1
33,1
88,1
72,1
42,1
69,1
23,1
44,1
47,1
137,1
133,1
127,1
77,1
16,1
89,1
123,1
107,1
86,1
128,1
102,1
50,1
101,1
74,1
133,1
108,1
106,1
78,1
27,1
130,1
151,1
132,1
100,1
71,1
53,1
18,1
67,1
135,1
81,1
0,1
14,1
46,1
92,1
97,1
142,1
40,1
97,1
40,1
59,1
95,1
31,1
136,1
133,1
53,1
133,1
72,1
120,1
146,1
0,1
142,1
110,1
81,1
101,1
93,1
77,1
142,1
56,1
26,1
115,1
47,1
35,1
28,1
5,1
100,1
114,1
47,1
46,1
126,1
105,1
83,1
89,1
120,1
6,1
62,1
120,1
82,1
126,1
133,1
57,1
72,1
14,1
140,1
119,1
33,1
131,1
132,1
47,1
62,1
108,1
126,1
54,1
45,1
133,1
58,1
119,1
76,1
140,1
131,1
10,1
88,1
147,1
86,1
70,1
70,1
31,1
25,1
25,1
142,1
57,1
142,1
57,1
11,1
2,1
0,1
108,1
78,1
108,1
141,1
63,1
31,1
69,1
35,1
105,1
143,1
133,1
111,1
74,1
117,1
143,1
78,1
74,1
88,1
0,1
112,1
47,1
121,1
124,1
86,1
97,1
141,1
114,1
51,1
126,1
19,1
85,1
151,1
128,1
79,1
114,1
114,1
6,1
75,1
39,1
142,1
84,1
19,1
118,1
98,1
26,1
69,1
64,1
97,1
61,1
47,1
143,1
142,1
153,1
133,1
113,1
29,1
130,1
124,1
69,1
146,1
75,1
9,1
82,1
50,1
114,1
133,1
127,1
31,1
21,1
37,1
58,1
91,1
128,1
142,1
95,1
12,1
97,1
10,1
54,1
59,1
82,1
33,1
39,1
32,1
9,1
7,1
59,1
69,1
58,1
97,1
7,1
43,1
142,1
45,1
16,1
79,1
128,1
152,1
36,1
128,1
47,1
12,1
64,1
133,1
85,1
15,1
41,1
36,1
2,1
133,1
9,1
35,1
25,1
12,1
9,1
70,1
138,1
132,1
96,1
46,1
44,1
76,1
133,1
134,1
101,1
90,1
127,1
149,1
125,1
142,1
68,1
121,1
6,1
78,1
20,1
6,1
13,1
91,1
54,1
92,1
40,1
24,1
145,1
17,1
96,1
23,1
89,1
56,1
23,1
20,1
125,1
30,1
40,1
57,1
140,1
37,1
84,1
128,1
58,1
38,1
0,1
44,1
48,1
23,1
102,1
132,1
84,1
123,1
7,1
96,1
128,1
128,1
56,1
119,1
24,1
61,1
90,1
119,1
119,1
33,1
143,1
130,1
145,1
118,1
26,1
130,1
128,1
81,1
14,1
102,1
44,1
57,1
88,1
58,1
38,1
126,1
17,1
9,1
21,1
28,1
128,1
13,1
74,1
142,1
115,1
154,1
69,1
56,1
34,1
135,1
103,1
24,1
143,1
118,1
49,1
28,1
88,1
5,1
100,1
138,1
104,1
61,1
98,1
68,1
85,1
108,1
73,1
28,1
134,1
124,1
12,1
47,1
5,1
93,1
127,1
27,1
141,1
133,1
67,1
43,1
138,1
2,1
68,1
103,1
122,1
18,1
1,1
47,1
143,1
76,1
97,1
69,1
37,1
52,1
112,1
117,1
142,1
140,1
52,1
98,1
78,1
45,1
84,1
46,1
9,1
135,1
118,1
2,1
148,1
49,1
11,1
36,1
34,1
123,1
57,1
46,1
147,1
36,1
120,1
96,1
90,1
138,1
92,1
39,1
133,1
29,1
92,1
5,1
88,1
67,1
34,1
47,1
20,1
33,1
24,1
140,1
63,1
23,1
11,1
142,1
138,1
123,1
137,1
121,1
31,1
0,1
13,1
29,1
11,1
72,1
104,1
72,1
57,1
3,1
118,1
120,1
128,1
30,1
110,1
132,1
96,1
34,1
87,1
57,1
14,1
64,1
23,1
114,1
47,1
142,1
71,1
128,1
33,1
4,1
93,1
46,1
71,1
110,1
48,1
67,1
104,1
84,1
72,1
56,1
42,1
57,1
98,1
126,1
48,1
100,1
6,1
29,1
31,1
30,1
113,1
1,1
29,1
128,1
88,1
99,1
18,1
31,1
40,1
29,1
49,1
70,1
138,1
88,1
140,1
55,1
61,1
53,1
133,1
132,1
30,1
107,1
24,1
0,1
44,1
141,1
109,1
67,1
53,1
50,1
128,1
88,1
122,1
137,1
111,1
67,1
60,1
118,1
92,1
68,1
111,1
64,1
115,1
85,1
102,1
59,1
126,1
128,1
16,1
47,1
31,1
47,1
102,1
88,1
0,1
11,1
46,1
128,1
16,1
55,1
43,1
22,1
23,1
124,1
122,1
136,1
7,1
28,1
72,1
1,1
36,1
143,1
136,1
144,1
128,1
143,1
129,1
30,1
6,1
93,1
137,1
118,1
64,1
44,1
99,1
8,1
112,1
57,1
122,1
63,1
129,1
96,1
101,1
9,1
108,1
68,1
62,1
59,1
70,1
49,1
46,1
110,1
41,1
46,1
2,1
141,1
57,1
140,1
47,1
82,1
60,1
21,1
150,1
36,1
3,1
133,1
137,1
56,1
1,1
63,1
58,1
142,1
36,1
113,1
39,1
44,1
107,1
68,1
8,1
66,1
65,1
80,1
142,1
110,1
72,1
44,1
145,1
3,1
143,1
128,1
47,1
124,1
114,1
32,1
97,1
31,1
4,1
26,1
54,1
146,1
75,1
130,1
129,1
99,1
144,1
56,1
97,1
8,1
61,1
1,1
44,1
106,1
108,1
128,1
40,1
26,1
15,1
62,1
88,1
103,1
48,1
31,1
106,1
113,1
30,1
127,1
23,1
24,1
127,1
133,1
29,1
127,1
53,1
142,1
70,1
104,1
90,1
142,1
132,1
142,1
47,1
53,1
30,1
44,1
97,1
34,1
110,1
101,1
130,1
5,1
23,1
36,1
58,1
97,1
131,1
128,1
135,1
29,1
60,1
120,1
18,1
78,1
0,1
59,1
123,1
87,1
105,1
119,1
149,1
67,1
107,1
20,1
88,1
128,1
84,1
103,1
138,1
26,1
38,1
94,1
108,1
114,1
8,1
117,1
122,1
107,1
8,1
53,1
19,1
94,1
52,1
128,1
3,1
112,1
18,1
110,1
129,1
88,1
28,1
111,1
20,1
76,1
32,1
94,1
23,1
146,1
39,1
32,1
93,1
108,1
49,1
139,1
100,1
128,1
136,1
135,1
143,1
104,1
57,1
9,1
81,1
127,1
93,1
49,1
124,1
88,1
142,1
142,1
128,1
148,1
125,1
11,1
2,1
62,1
9,1
114,1
76,1
109,1
58,1
118,1
75,1
88,1
136,1
26,1
117,1
59,1
80,1
77,1
42,1
41,1
23,1
29,1
132,1
26,1
133,1
133,1
30,1
133,1
67,1
99,1
45,1
3,1
98,1
109,1
102,1
31,1
25,1
150,1
40,1
25,1
49,1
23,1
108,1
65,1
126,1
12,1
150,1
50,1
12,1
55,1
128,1
28,1
144,1
98,1
109,1
34,1
103,1
8,1
99,1
122,1
18,1
85,1
106,1
71,1
14,1
65,1
3,1
82,1
13,1
13,1
129,1
59,1
3,1
10,1
153,1
13,1
88,1
24,1
114,1
87,1
127,1
9,1
85,1
101,1
134,1
142,1
142,1
32,1
115,1
137,1
40,1
136,1
118,1
121,1
130,1
68,1
72,1
147,1
134,1
100,1
117,1
70,1
97,1
124,1
29,1
48,1
16,1
22,1
133,1
41,1
120,1
69,1
14,1
60,1
129,1
5,1
128,1
112,1
140,1
85,1
17,1
40,1
115,1
56,1
58,1
69,1
144,1
33,1
11,1
92,1
131,1
117,1
148,1
129,1
36,1
54,1
38,1
66,1
87,1
29,1
99,1
146,1
136,1
128,1
47,1
69,1
47,1
106,1
118,1
133,1
108,1
132,1
53,1
78,1
69,1
37,1
142,1
128,1
138,1
133,1
133,1
106,1
51,1
72,1
11,1
104,1
49,1
78,1
127,1
150,1
144,1
128,1
133,1
56,1
78,1
36,1
23,1
150,1
127,1
142,1
105,1
69,1
6,1
0,1
33,1
145,1
130,1
54,1
133,1
56,1
146,1
62,1
71,1
128,1
50,1
97,1
46,1
50,1
79,1
18,1
142,1
116,1
25,1
77,1
53,1
101,1
35,1
109,1
122,1
71,1
29,1
6,1
8,1
128,1
128,1
15,1
119,1
85,1
123,1
16,1
65,1
58,1
69,1
47,1
33,1
24,1
124,1
72,1
34,1
92,1
11,1
145,1
132,1
108,1
107,1
36,1
106,1
83,1
149,1
86,1
140,1
127,1
