114,1
82,1
50,1
43,1
76,1
120,1
128,1
136,1
29,1
128,1
132,1
133,1
130,1
144,1
82,1
5,1
110,1
134,1
46,1
138,1
60,1
88,1
1,1
47,1
17,1
108,1
13,1
111,1
78,1
133,1
49,1
116,1
90,1
113,1
28,1
72,1
149,1
76,1
64,1
145,1
45,1
139,1
24,1
83,1
128,1
143,1
133,1
14,1
73,1
13,1
17,1
114,1
30,1
128,1
81,1
13,1
134,1
63,1
109,1
72,1
149,1
132,1
42,1
47,1
111,1
100,1
51,1
53,1
88,1
149,1
83,1
72,1
62,1
87,1
148,1
154,1
33,1
76,1
60,1
99,1
128,1
128,1
52,1
111,1
140,1
58,1
7,1
139,1
7,1
81,1
100,1
61,1
88,1
140,1
1,1
114,1
51,1
98,1
88,1
56,1
72,1
80,1
65,1
56,1
19,1
128,1
88,1
23,1
137,1
5,1
23,1
122,1
7,1
105,1
112,1
23,1
88,1
72,1
86,1
31,1
113,1
92,1
57,1
102,1
66,1
22,1
122,1
16,1
36,1
25,1
87,1
142,1
124,1
142,1
5,1
90,1
128,1
128,1
119,1
110,1
81,1
9,1
12,1
7,1
18,1
145,1
28,1
14,1
56,1
140,1
20,1
117,1
154,1
97,1
21,1
106,1
122,1
86,1
75,1
3,1
90,1
146,1
10,1
42,1
29,1
146,1
53,1
124,1
14,1
88,1
128,1
82,1
28,1
109,1
35,1
25,1
140,1
104,1
2,1
119,1
47,1
134,1
23,1
83,1
42,1
7,1
96,1
145,1
116,1
46,1
88,1
47,1
82,1
127,1
67,1
108,1
89,1
23,1
109,1
142,1
19,1
127,1
55,1
22,1
72,1
39,1
73,1
49,1
30,1
141,1
16,1
121,1
128,1
151,1
84,1
8,1
33,1
53,1
150,1
46,1
10,1
118,1
101,1
1,1
132,1
28,1
88,1
120,1
30,1
29,1
10,1
81,1
127,1
101,1
53,1
142,1
105,1
45,1
145,1
89,1
47,1
7,1
2,1
16,1
107,1
45,1
141,1
149,1
76,1
88,1
19,1
47,1
134,1
24,1
12,1
14,1
13,1
33,1
56,1
92,1
1,1
25,1
65,1
42,1
46,1
41,1
117,1
144,1
115,1
128,1
116,1
117,1
117,1
141,1
16,1
77,1
23,1
25,1
45,1
55,1
50,1
8,1
47,1
151,1
25,1
110,1
14,1
50,1
21,1
90,1
47,1
116,1
40,1
47,1
101,1
42,1
134,1
0,1
136,1
129,1
143,1
93,1
89,1
72,1
65,1
96,1
4,1
143,1
81,1
142,1
8,1
101,1
3,1
85,1
139,1
51,1
81,1
66,1
83,1
30,1
37,1
54,1
133,1
54,1
74,1
128,1
149,1
123,1
62,1
89,1
99,1
77,1
118,1
108,1
14,1
88,1
42,1
85,1
134,1
122,1
23,1
30,1
95,1
81,1
24,1
145,1
128,1
61,1
22,1
65,1
6,1
114,1
112,1
24,1
118,1
7,1
53,1
128,1
47,1
128,1
109,1
101,1
18,1
46,1
136,1
23,1
0,1
124,1
37,1
24,1
68,1
5,1
59,1
96,1
15,1
91,1
111,1
47,1
54,1
147,1
53,1
13,1
16,1
102,1
104,1
133,1
122,1
33,1
47,1
21,1
57,1
77,1
110,1
95,1
133,1
149,1
128,1
145,1
83,1
88,1
72,1
128,1
19,1
5,1
21,1
88,1
8,1
98,1
0,1
122,1
93,1
59,1
128,1
9,1
116,1
47,1
29,1
69,1
95,1
142,1
108,1
81,1
12,1
53,1
45,1
88,1
47,1
21,1
96,1
38,1
3,1
69,1
154,1
102,1
73,1
14,1
35,1
70,1
13,1
36,1
12,1
142,1
24,1
56,1
85,1
128,1
123,1
146,1
47,1
137,1
69,1
33,1
134,1
149,1
137,1
21,1
150,1
80,1
46,1
122,1
136,1
122,1
127,1
124,1
144,1
23,1
149,1
137,1
61,1
30,1
133,1
48,1
112,1
94,1
28,1
67,1
109,1
6,1
47,1
47,1
110,1
1,1
33,1
88,1
142,1
126,1
15,1
30,1
133,1
4,1
32,1
140,1
104,1
16,1
139,1
76,1
59,1
128,1
143,1
58,1
109,1
122,1
53,1
23,1
12,1
97,1
28,1
4,1
88,1
47,1
142,1
140,1
16,1
11,1
112,1
53,1
85,1
129,1
145,1
111,1
46,1
53,1
36,1
53,1
33,1
89,1
72,1
24,1
31,1
138,1
102,1
21,1
129,1
36,1
63,1
67,1
19,1
30,1
6,1
62,1
139,1
124,1
142,1
4,1
134,1
81,1
1,1
119,1
37,1
28,1
88,1
31,1
19,1
23,1
128,1
76,1
124,1
80,1
97,1
125,1
59,1
83,1
127,1
23,1
143,1
127,1
4,1
132,1
31,1
7,1
74,1
82,1
2,1
101,1
132,1
88,1
56,1
51,1
4,1
8,1
6,1
42,1
104,1
64,1
83,1
109,1
75,1
18,1
123,1
124,1
23,1
103,1
48,1
76,1
76,1
128,1
72,1
23,1
142,1
59,1
53,1
59,1
19,1
1,1
124,1
4,1
50,1
105,1
116,1
126,1
138,1
53,1
46,1
23,1
43,1
1,1
47,1
141,1
47,1
5,1
145,1
120,1
14,1
55,1
128,1
50,1
91,1
49,1
84,1
140,1
53,1
8,1
53,1
57,1
47,1
103,1
121,1
132,1
111,1
1,1
150,1
133,1
137,1
146,1
47,1
90,1
28,1
124,1
45,1
49,1
115,1
128,1
47,1
32,1
43,1
124,1
79,1
53,1
87,1
63,1
125,1
88,1
7,1
29,1
116,1
124,1
121,1
125,1
149,1
31,1
53,1
23,1
145,1
89,1
35,1
122,1
53,1
120,1
129,1
47,1
54,1
108,1
112,1
1,1
16,1
47,1
128,1
53,1
72,1
112,1
119,1
133,1
122,1
88,1
39,1
31,1
82,1
99,1
127,1
143,1
47,1
7,1
64,1
6,1
79,1
133,1
88,1
8,1
142,1
15,1
67,1
77,1
56,1
145,1
6,1
23,1
120,1
56,1
29,1
52,1
121,1
32,1
106,1
59,1
21,1
128,1
50,1
46,1
47,1
125,1
26,1
30,1
22,1
118,1
119,1
57,1
141,1
142,1
88,1
144,1
24,1
20,1
95,1
128,1
65,1
150,1
149,1
40,1
47,1
47,1
10,1
72,1
48,1
37,1
120,1
93,1
148,1
4,1
53,1
135,1
12,1
133,1
98,1
47,1
29,1
17,1
1,1
13,1
128,1
124,1
88,1
133,1
115,1
128,1
135,1
40,1
98,1
113,1
115,1
18,1
51,1
96,1
7,1
51,1
33,1
133,1
31,1
91,1
0,1
143,1
31,1
100,1
14,1
47,1
54,1
120,1
46,1
23,1
63,1
139,1
119,1
32,1
114,1
57,1
53,1
90,1
54,1
104,1
111,1
51,1
18,1
105,1
24,1
133,1
67,1
82,1
23,1
92,1
122,1
88,1
28,1
53,1
58,1
136,1
89,1
134,1
21,1
29,1
128,1
23,1
142,1
80,1
81,1
88,1
106,1
137,1
111,1
8,1
8,1
8,1
87,1
88,1
36,1
76,1
133,1
74,1
142,1
128,1
14,1
36,1
5,1
46,1
74,1
141,1
111,1
53,1
99,1
111,1
122,1
128,1
128,1
88,1
101,1
27,1
120,1
133,1
33,1
109,1
24,1
98,1
88,1
47,1
35,1
89,1
40,1
111,1
88,1
21,1
60,1
31,1
67,1
109,1
61,1
37,1
127,1
53,1
133,1
70,1
128,1
53,1
14,1
110,1
1,1
90,1
36,1
11,1
128,1
88,1
128,1
0,1
22,1
105,1
34,1
59,1
28,1
88,1
9,1
93,1
81,1
115,1
0,1
71,1
103,1
73,1
149,1
75,1
107,1
125,1
37,1
20,1
101,1
137,1
90,1
11,1
101,1
79,1
61,1
109,1
37,1
20,1
89,1
47,1
111,1
55,1
32,1
115,1
98,1
88,1
64,1
84,1
107,1
69,1
11,1
93,1
145,1
76,1
117,1
64,1
11,1
118,1
82,1
54,1
73,1
21,1
81,1
15,1
44,1
79,1
72,1
72,1
111,1
133,1
2,1
138,1
36,1
11,1
31,1
132,1
98,1
37,1
39,1
143,1
136,1
104,1
97,1
76,1
105,1
118,1
72,1
89,1
119,1
128,1
17,1
110,1
41,1
82,1
4,1
14,1
22,1
7,1
132,1
61,1
150,1
72,1
111,1
116,1
122,1
56,1
128,1
111,1
19,1
18,1
74,1
32,1
109,1
88,1
97,1
47,1
57,1
76,1
31,1
74,1
61,1
112,1
133,1
29,1
85,1
105,1
15,1
137,1
93,1
130,1
51,1
45,1
23,1
121,1
32,1
142,1
47,1
10,1
7,1
90,1
18,1
128,1
47,1
53,1
79,1
24,1
53,1
117,1
40,1
74,1
5,1
88,1
29,1
67,1
112,1
147,1
88,1
27,1
5,1
100,1
47,1
47,1
113,1
8,1
149,1
29,1
117,1
142,1
128,1
56,1
37,1
0,1
69,1
88,1
117,1
139,1
64,1
53,1
95,1
128,1
58,1
45,1
88,1
73,1
114,1
116,1
141,1
105,1
38,1
48,1
79,1
7,1
15,1
36,1
15,1
108,1
31,1
34,1
23,1
111,1
47,1
83,1
129,1
108,1
26,1
23,1
91,1
101,1
51,1
142,1
4,1
51,1
117,1
5,1
14,1
47,1
146,1
131,1
88,1
42,1
142,1
140,1
66,1
137,1
89,1
126,1
94,1
21,1
89,1
120,1
103,1
32,1
5,1
139,1
88,1
103,1
15,1
68,1
111,1
126,1
150,1
98,1
58,1
56,1
84,1
54,1
50,1
22,1
11,1
53,1
146,1
88,1
20,1
81,1
142,1
59,1
30,1
50,1
90,1
16,1
113,1
128,1
88,1
112,1
124,1
18,1
94,1
97,1
146,1
88,1
12,1
127,1
133,1
88,1
139,1
19,1
6,1
118,1
85,1
119,1
134,1
73,1
82,1
128,1
133,1
29,1
128,1
124,1
123,1
133,1
151,1
122,1
147,1
143,1
85,1
133,1
128,1
45,1
4,1
134,1
47,1
23,1
139,1
110,1
16,1
57,1
116,1
100,1
63,1
9,1
117,1
128,1
61,1
97,1
135,1
148,1
14,1
24,1
88,1
55,1
14,1
144,1
94,1
69,1
70,1
138,1
14,1
138,1
24,1
122,1
150,1
150,1
95,1
105,1
58,1
88,1
5,1
140,1
16,1
129,1
44,1
119,1
6,1
48,1
78,1
106,1
30,1
137,1
21,1
88,1
47,1
108,1
7,1
81,1
87,1
2,1
28,1
69,1
47,1
42,1
133,1
51,1
142,1
88,1
71,1
82,1
14,1
64,1
124,1
76,1
119,1
139,1
35,1
1,1
112,1
87,1
90,1
133,1
47,1
128,1
41,1
149,1
149,1
102,1
35,1
39,1
99,1
124,1
7,1
23,1
37,1
47,1
131,1
133,1
97,1
66,1
109,1
54,1
10,1
69,1
122,1
112,1
136,1
85,1
11,1
92,1
125,1
88,1
112,1
104,1
82,1
53,1
88,1
89,1
16,1
11,1
15,1
123,1
127,1
77,1
81,1
47,1
111,1
14,1
140,1
85,1
88,1
117,1
150,1
128,1
133,1
111,1
150,1
72,1
138,1
66,1
133,1
123,1
128,1
143,1
43,1
140,1
79,1
114,1
117,1
128,1
31,1
47,1
150,1
53,1
109,1
106,1
66,1
11,1
14,1
128,1
127,1
18,1
51,1
88,1
7,1
89,1
6,1
25,1
118,1
118,1
130,1
130,1
23,1
4,1
111,1
66,1
140,1
77,1
76,1
97,1
61,1
4,1
74,1
115,1
133,1
25,1
137,1
47,1
4,1
128,1
1,1
54,1
30,1
101,1
77,1
110,1
15,1
22,1
132,1
31,1
72,1
145,1
118,1
133,1
14,1
7,1
89,1
14,1
58,1
89,1
151,1
47,1
47,1
34,1
103,1
85,1
118,1
28,1
122,1
23,1
66,1
66,1
103,1
81,1
93,1
88,1
138,1
71,1
94,1
26,1
47,1
110,1
128,1
90,1
104,1
76,1
17,1
39,1
15,1
12,1
47,1
41,1
36,1
89,1
132,1
150,1
124,1
142,1
114,1
122,1
54,1
88,1
71,1
128,1
30,1
23,1
88,1
26,1
35,1
4,1
36,1
11,1
16,1
88,1
94,1
47,1
70,1
133,1
93,1
39,1
67,1
127,1
19,1
135,1
145,1
6,1
4,1
28,1
134,1
54,1
81,1
145,1
95,1
107,1
7,1
44,1
5,1
37,1
27,1
21,1
103,1
137,1
59,1
89,1
100,1
26,1
88,1
72,1
88,1
89,1
45,1
142,1
19,1
5,1
19,1
137,1
27,1
140,1
85,1
6,1
47,1
118,1
42,1
4,1
79,1
22,1
92,1
91,1
88,1
16,1
134,1
118,1
134,1
128,1
8,1
139,1
152,1
119,1
109,1
103,1
29,1
129,1
133,1
6,1
50,1
53,1
142,1
111,1
118,1
42,1
51,1
133,1
42,1
82,1
145,1
128,1
53,1
12,1
36,1
142,1
12,1
130,1
104,1
13,1
13,1
70,1
76,1
13,1
47,1
88,1
4,1
109,1
117,1
133,1
128,1
44,1
150,1
21,1
46,1
44,1
76,1
47,1
148,1
67,1
7,1
88,1
115,1
142,1
33,1
97,1
28,1
108,1
78,1
19,1
124,1
60,1
36,1
150,1
126,1
57,1
102,1
98,1
27,1
54,1
108,1
25,1
150,1
4,1
77,1
133,1
102,1
120,1
72,1
2,1
89,1
42,1
115,1
53,1
28,1
21,1
127,1
151,1
132,1
21,1
140,1
47,1
88,1
9,1
113,1
128,1
15,1
121,1
126,1
127,1
87,1
30,1
142,1
28,1
133,1
19,1
89,1
88,1
47,1
119,1
60,1
102,1
133,1
47,1
102,1
88,1
36,1
110,1
151,1
23,1
103,1
99,1
119,1
98,1
112,1
61,1
89,1
112,1
128,1
95,1
58,1
23,1
99,1
45,1
45,1
111,1
13,1
52,1
22,1
34,1
61,1
71,1
115,1
88,1
72,1
70,1
73,1
73,1
128,1
124,1
122,1
112,1
60,1
37,1
11,1
124,1
112,1
66,1
116,1
12,1
97,1
106,1
110,1
149,1
91,1
128,1
103,1
132,1
59,1
43,1
12,1
84,1
45,1
133,1
69,1
50,1
1,1
4,1
11,1
44,1
31,1
115,1
36,1
62,1
121,1
83,1
104,1
127,1
90,1
71,1
128,1
25,1
90,1
140,1
68,1
146,1
19,1
85,1
138,1
66,1
88,1
111,1
60,1
9,1
19,1
118,1
153,1
143,1
99,1
36,1
93,1
102,1
110,1
6,1
28,1
120,1
150,1
45,1
31,1
122,1
11,1
37,1
146,1
50,1
86,1
136,1
56,1
53,1
38,1
14,1
28,1
90,1
146,1
88,1
142,1
139,1
79,1
118,1
95,1
7,1
150,1
44,1
5,1
133,1
82,1
15,1
122,1
13,1
8,1
111,1
128,1
63,1
28,1
106,1
4,1
39,1
98,1
72,1
133,1
12,1
129,1
100,1
47,1
70,1
53,1
87,1
7,1
58,1
39,1
72,1
117,1
55,1
131,1
6,1
149,1
56,1
2,1
18,1
123,1
76,1
6,1
32,1
88,1
5,1
104,1
102,1
114,1
88,1
124,1
88,1
133,1
115,1
137,1
30,1
50,1
35,1
10,1
47,1
95,1
129,1
4,1
64,1
30,1
45,1
88,1
120,1
91,1
25,1
152,1
47,1
59,1
75,1
128,1
33,1
128,1
134,1
127,1
25,1
46,1
72,1
5,1
47,1
127,1
70,1
8,1
103,1
46,1
71,1
93,1
54,1
134,1
89,1
4,1
36,1
4,1
56,1
81,1
78,1
62,1
14,1
141,1
79,1
134,1
69,1
149,1
47,1
55,1
14,1
126,1
134,1
122,1
36,1
71,1
74,1
112,1
53,1
64,1
34,1
48,1
72,1
122,1
33,1
15,1
115,1
16,1
59,1
52,1
10,1
54,1
88,1
14,1
8,1
1,1
72,1
7,1
52,1
65,1
51,1
45,1
109,1
142,1
39,1
24,1
30,1
83,1
137,1
118,1
104,1
133,1
105,1
62,1
134,1
123,1
81,1
12,1
33,1
116,1
145,1
44,1
88,1
149,1
133,1
79,1
17,1
16,1
111,1
23,1
89,1
30,1
95,1
121,1
62,1
83,1
88,1
81,1
16,1
94,1
72,1
80,1
25,1
39,1
114,1
29,1
66,1
138,1
47,1
83,1
47,1
47,1
57,1
24,1
101,1
54,1
124,1
81,1
124,1
142,1
68,1
96,1
47,1
89,1
61,1
42,1
19,1
56,1
115,1
105,1
54,1
71,1
118,1
18,1
87,1
47,1
91,1
142,1
50,1
11,1
82,1
11,1
42,1
47,1
143,1
21,1
128,1
45,1
134,1
86,1
142,1
85,1
105,1
150,1
66,1
47,1
22,1
72,1
88,1
3,1
22,1
10,1
143,1
150,1
137,1
109,1
71,1
113,1
23,1
34,1
93,1
128,1
26,1
102,1
142,1
60,1
117,1
118,1
134,1
71,1
30,1
53,1
91,1
53,1
12,1
96,1
0,1
40,1
97,1
102,1
122,1
54,1
39,1
17,1
29,1
150,1
30,1
68,1
26,1
77,1
108,1
64,1
66,1
143,1
54,1
57,1
2,1
7,1
30,1
128,1
16,1
117,1
0,1
115,1
142,1
143,1
4,1
44,1
88,1
95,1
37,1
91,1
133,1
136,1
133,1
91,1
111,1
151,1
142,1
23,1
97,1
107,1
33,1
32,1
119,1
134,1
47,1
26,1
47,1
88,1
73,1
80,1
148,1
67,1
87,1
128,1
57,1
117,1
61,1
47,1
39,1
41,1
116,1
104,1
103,1
75,1
89,1
30,1
103,1
28,1
88,1
76,1
109,1
111,1
23,1
17,1
26,1
6,1
86,1
2,1
89,1
31,1
137,1
109,1
115,1
37,1
19,1
30,1
7,1
112,1
69,1
142,1
133,1
45,1
21,1
11,1
12,1
116,1
35,1
130,1
23,1
119,1
97,1
16,1
10,1
124,1
132,1
105,1
20,1
141,1
74,1
118,1
105,1
47,1
111,1
28,1
135,1
12,1
72,1
12,1
53,1
73,1
103,1
26,1
35,1
110,1
14,1
145,1
135,1
104,1
1,1
88,1
22,1
122,1
90,1
115,1
14,1
120,1
27,1
14,1
72,1
54,1
5,1
102,1
81,1
112,1
45,1
139,1
41,1
21,1
143,1
36,1
93,1
12,1
139,1
90,1
143,1
149,1
50,1
87,1
82,1
105,1
21,1
104,1
132,1
123,1
44,1
53,1
119,1
101,1
73,1
102,1
12,1
1,1
112,1
142,1
32,1
121,1
44,1
44,1
99,1
87,1
137,1
124,1
138,1
142,1
100,1
12,1
67,1
89,1
116,1
134,1
101,1
97,1
36,1
26,1
110,1
122,1
71,1
47,1
8,1
6,1
90,1
142,1
127,1
111,1
136,1
23,1
89,1
145,1
116,1
45,1
95,1
11,1
128,1
63,1
86,1
20,1
42,1
88,1
30,1
121,1
126,1
106,1
11,1
25,1
122,1
71,1
144,1
100,1
98,1
64,1
132,1
10,1
30,1
99,1
149,1
32,1
107,1
61,1
110,1
4,1
61,1
103,1
27,1
45,1
54,1
49,1
128,1
46,1
136,1
4,1
117,1
118,1
22,1
33,1
65,1
135,1
6,1
58,1
38,1
117,1
4,1
23,1
151,1
34,1
23,1
33,1
121,1
110,1
132,1
111,1
134,1
128,1
106,1
111,1
98,1
47,1
151,1
32,1
46,1
128,1
65,1
94,1
151,1
35,1
53,1
120,1
85,1
128,1
88,1
133,1
111,1
88,1
123,1
103,1
20,1
69,1
125,1
59,1
38,1
85,1
25,1
118,1
133,1
1,1
101,1
21,1
143,1
141,1
70,1
59,1
98,1
134,1
29,1
22,1
98,1
150,1
12,1
123,1
109,1
62,1
59,1
124,1
128,1
100,1
10,1
28,1
133,1
71,1
92,1
128,1
142,1
149,1
134,1
89,1
12,1
134,1
6,1
29,1
103,1
39,1
128,1
122,1
114,1
79,1
85,1
49,1
99,1
14,1
14,1
53,1
128,1
148,1
107,1
92,1
2,1
110,1
56,1
152,1
109,1
139,1
66,1
128,1
128,1
20,1
47,1
4,1
69,1
43,1
24,1
30,1
25,1
149,1
87,1
101,1
79,1
143,1
79,1
36,1
140,1
102,1
141,1
106,1
110,1
21,1
57,1
72,1
88,1
117,1
117,1
115,1
31,1
115,1
2,1
88,1
135,1
5,1
23,1
74,1
81,1
4,1
55,1
111,1
91,1
47,1
142,1
89,1
40,1
65,1
37,1
145,1
76,1
112,1
18,1
76,1
127,1
109,1
92,1
30,1
110,1
133,1
28,1
59,1
89,1
21,1
122,1
85,1
84,1
115,1
12,1
57,1
42,1
31,1
53,1
79,1
145,1
146,1
107,1
128,1
20,1
102,1
142,1
82,1
6,1
22,1
29,1
35,1
99,1
33,1
72,1
122,1
32,1
70,1
133,1
90,1
83,1
127,1
53,1
28,1
5,1
56,1
120,1
19,1
11,1
149,1
47,1
132,1
84,1
85,1
106,1
10,1
128,1
114,1
150,1
6,1
29,1
99,1
54,1
5,1
11,1
56,1
90,1
88,1
3,1
133,1
24,1
136,1
32,1
128,1
127,1
122,1
19,1
28,1
50,1
113,1
128,1
29,1
51,1
127,1
31,1
123,1
97,1
135,1
150,1
85,1
3,1
138,1
61,1
81,1
5,1
39,1
5,1
56,1
108,1
60,1
110,1
134,1
117,1
150,1
129,1
133,1
89,1
62,1
128,1
92,1
102,1
55,1
127,1
64,1
15,1
88,1
128,1
88,1
82,1
124,1
88,1
117,1
0,1
145,1
50,1
14,1
33,1
81,1
16,1
57,1
88,1
107,1
149,1
146,1
47,1
89,1
28,1
53,1
15,1
14,1
69,1
47,1
30,1
103,1
128,1
21,1
75,1
111,1
35,1
89,1
20,1
36,1
93,1
34,1
140,1
133,1
41,1
123,1
128,1
9,1
34,1
106,1
73,1
137,1
130,1
14,1
103,1
91,1
132,1
88,1
4,1
92,1
116,1
1,1
74,1
109,1
4,1
134,1
78,1
45,1
48,1
51,1
67,1
88,1
92,1
82,1
37,1
124,1
89,1
127,1
133,1
129,1
24,1
111,1
50,1
37,1
17,1
23,1
128,1
114,1
145,1
122,1
128,1
118,1
60,1
88,1
12,1
129,1
134,1
129,1
88,1
75,1
1,1
47,1
24,1
48,1
50,1
130,1
46,1
6,1
128,1
68,1
53,1
132,1
53,1
25,1
78,1
134,1
132,1
121,1
57,1
73,1
2,1
16,1
145,1
84,1
101,1
133,1
103,1
32,1
47,1
70,1
88,1
6,1
124,1
115,1
107,1
10,1
102,1
36,1
126,1
21,1
135,1
134,1
132,1
72,1
47,1
111,1
105,1
70,1
123,1
88,1
123,1
93,1
47,1
128,1
7,1
31,1
138,1
35,1
133,1
52,1
12,1
96,1
61,1
120,1
107,1
53,1
1,1
23,1
36,1
48,1
60,1
69,1
5,1
53,1
56,1
51,1
149,1
63,1
26,1
71,1
32,1
51,1
19,1
128,1
63,1
23,1
5,1
47,1
28,1
47,1
145,1
129,1
133,1
82,1
50,1
14,1
24,1
46,1
9,1
88,1
25,1
48,1
28,1
47,1
116,1
6,1
141,1
128,1
47,1
128,1
107,1
106,1
145,1
148,1
4,1
68,1
24,1
144,1
131,1
45,1
142,1
105,1
150,1
85,1
128,1
36,1
75,1
84,1
21,1
32,1
142,1
117,1
120,1
63,1
89,1
50,1
118,1
113,1
128,1
7,1
47,1
100,1
90,1
9,1
81,1
148,1
57,1
133,1
149,1
40,1
76,1
14,1
130,1
88,1
37,1
121,1
89,1
41,1
131,1
21,1
99,1
128,1
134,1
20,1
134,1
13,1
85,1
17,1
88,1
123,1
53,1
134,1
28,1
25,1
36,1
57,1
47,1
124,1
47,1
47,1
125,1
112,1
45,1
19,1
128,1
133,1
115,1
135,1
79,1
141,1
112,1
25,1
107,1
47,1
93,1
148,1
30,1
121,1
71,1
46,1
42,1
24,1
124,1
70,1
107,1
94,1
126,1
40,1
22,1
110,1
146,1
36,1
113,1
56,1
142,1
15,1
103,1
33,1
57,1
88,1
34,1
88,1
89,1
143,1
12,1
54,1
73,1
56,1
88,1
7,1
93,1
122,1
65,1
95,1
12,1
122,1
66,1
53,1
111,1
129,1
122,1
97,1
109,1
28,1
6,1
79,1
4,1
89,1
15,1
110,1
122,1
143,1
103,1
107,1
0,1
144,1
63,1
28,1
7,1
95,1
151,1
47,1
149,1
135,1
143,1
14,1
12,1
72,1
72,1
140,1
50,1
86,1
124,1
117,1
74,1
28,1
88,1
84,1
44,1
112,1
12,1
123,1
28,1
113,1
6,1
55,1
23,1
88,1
17,1
54,1
111,1
138,1
47,1
129,1
57,1
132,1
121,1
11,1
66,1
121,1
126,1
71,1
94,1
109,1
0,1
111,1
125,1
53,1
50,1
47,1
24,1
5,1
47,1
70,1
123,1
3,1
98,1
106,1
15,1
53,1
45,1
47,1
95,1
7,1
23,1
51,1
83,1
30,1
128,1
119,1
78,1
54,1
14,1
10,1
47,1
78,1
31,1
111,1
6,1
86,1
19,1
7,1
42,1
94,1
142,1
43,1
76,1
37,1
103,1
93,1
1,1
53,1
23,1
88,1
128,1
89,1
58,1
23,1
9,1
124,1
16,1
73,1
44,1
12,1
47,1
122,1
118,1
28,1
110,1
75,1
8,1
46,1
140,1
112,1
23,1
88,1
117,1
133,1
145,1
30,1
12,1
41,1
40,1
22,1
117,1
53,1
6,1
142,1
118,1
89,1
23,1
83,1
17,1
88,1
68,1
127,1
40,1
45,1
37,1
12,1
56,1
150,1
109,1
55,1
118,1
81,1
133,1
109,1
128,1
146,1
72,1
120,1
53,1
17,1
82,1
102,1
83,1
88,1
118,1
104,1
42,1
64,1
115,1
33,1
133,1
87,1
129,1
88,1
67,1
88,1
120,1
100,1
93,1
107,1
0,1
107,1
133,1
12,1
17,1
15,1
66,1
80,1
136,1
33,1
1,1
61,1
126,1
122,1
25,1
98,1
119,1
74,1
138,1
25,1
137,1
58,1
52,1
149,1
21,1
29,1
53,1
45,1
37,1
54,1
71,1
66,1
88,1
88,1
146,1
122,1
102,1
22,1
111,1
36,1
107,1
143,1
102,1
45,1
47,1
128,1
128,1
116,1
4,1
134,1
7,1
124,1
96,1
79,1
90,1
28,1
89,1
98,1
134,1
98,1
27,1
5,1
67,1
81,1
21,1
16,1
107,1
132,1
105,1
66,1
88,1
12,1
88,1
112,1
14,1
15,1
4,1
11,1
104,1
64,1
16,1
125,1
52,1
25,1
45,1
98,1
11,1
19,1
87,1
72,1
111,1
128,1
116,1
88,1
133,1
114,1
111,1
110,1
108,1
13,1
99,1
53,1
122,1
113,1
115,1
101,1
19,1
23,1
75,1
133,1
99,1
21,1
5,1
149,1
116,1
14,1
75,1
47,1
135,1
137,1
23,1
12,1
29,1
135,1
110,1
104,1
110,1
133,1
46,1
59,1
99,1
71,1
29,1
131,1
90,1
150,1
129,1
146,1
5,1
39,1
132,1
42,1
6,1
2,1
78,1
142,1
133,1
134,1
124,1
66,1
45,1
133,1
78,1
111,1
112,1
141,1
20,1
135,1
95,1
37,1
12,1
46,1
126,1
128,1
29,1
107,1
57,1
120,1
48,1
42,1
76,1
111,1
79,1
15,1
51,1
135,1
88,1
88,1
151,1
116,1
109,1
7,1
61,1
6,1
67,1
128,1
107,1
47,1
67,1
42,1
58,1
140,1
48,1
90,1
85,1
0,1
150,1
150,1
129,1
33,1
88,1
12,1
48,1
2,1
9,1
37,1
4,1
47,1
23,1
8,1
58,1
21,1
100,1
51,1
5,1
143,1
69,1
52,1
84,1
78,1
127,1
23,1
79,1
97,1
78,1
135,1
40,1
44,1
118,1
88,1
72,1
42,1
118,1
23,1
44,1
47,1
137,1
88,1
127,1
76,1
0,1
89,1
124,1
107,1
82,1
126,1
24,1
50,1
101,1
74,1
88,1
108,1
106,1
90,1
39,1
132,1
4,1
98,1
100,1
6,1
128,1
18,1
69,1
135,1
81,1
125,1
14,1
46,1
92,1
89,1
57,1
36,1
89,1
64,1
59,1
95,1
45,1
137,1
133,1
21,1
88,1
72,1
112,1
146,1
0,1
142,1
55,1
81,1
11,1
81,1
77,1
88,1
56,1
109,1
72,1
63,1
44,1
28,1
149,1
100,1
114,1
47,1
5,1
47,1
105,1
83,1
89,1
99,1
6,1
68,1
104,1
134,1
126,1
82,1
19,1
129,1
17,1
133,1
119,1
56,1
93,1
98,1
47,1
68,1
113,1
138,1
124,1
24,1
146,1
47,1
119,1
90,1
113,1
76,1
10,1
88,1
150,1
98,1
70,1
67,1
19,1
105,1
61,1
47,1
12,1
142,1
12,1
12,1
108,1
0,1
146,1
78,1
127,1
53,1
63,1
31,1
39,1
1,1
105,1
143,1
131,1
111,1
74,1
115,1
110,1
131,1
90,1
47,1
0,1
112,1
88,1
71,1
122,1
81,1
146,1
32,1
124,1
50,1
142,1
116,1
85,1
151,1
128,1
79,1
112,1
114,1
6,1
75,1
47,1
128,1
146,1
19,1
118,1
98,1
41,1
38,1
122,1
76,1
60,1
18,1
143,1
47,1
150,1
90,1
129,1
71,1
89,1
23,1
128,1
89,1
75,1
9,1
148,1
49,1
106,1
88,1
127,1
2,1
35,1
31,1
58,1
91,1
128,1
47,1
93,1
12,1
148,1
9,1
112,1
66,1
134,1
128,1
39,1
32,1
28,1
17,1
59,1
69,1
23,1
133,1
7,1
115,1
47,1
25,1
5,1
97,1
128,1
152,1
36,1
142,1
142,1
12,1
64,1
88,1
148,1
15,1
26,1
46,1
2,1
88,1
53,1
35,1
32,1
12,1
51,1
68,1
138,1
132,1
146,1
128,1
52,1
76,1
88,1
79,1
101,1
90,1
141,1
149,1
100,1
128,1
5,1
53,1
21,1
132,1
23,1
6,1
16,1
91,1
142,1
92,1
40,1
40,1
142,1
112,1
80,1
128,1
134,1
112,1
23,1
20,1
102,1
30,1
43,1
57,1
129,1
2,1
92,1
122,1
72,1
39,1
142,1
44,1
129,1
54,1
102,1
133,1
85,1
143,1
32,1
96,1
42,1
128,1
100,1
106,1
72,1
136,1
98,1
119,1
128,1
33,1
111,1
130,1
23,1
43,1
26,1
146,1
11,1
81,1
14,1
102,1
44,1
57,1
88,1
58,1
41,1
143,1
17,1
124,1
21,1
47,1
72,1
13,1
95,1
133,1
115,1
44,1
72,1
56,1
31,1
135,1
59,1
0,1
47,1
118,1
4,1
72,1
133,1
116,1
23,1
137,1
47,1
61,1
98,1
25,1
85,1
12,1
73,1
109,1
78,1
122,1
12,1
69,1
11,1
87,1
46,1
21,1
128,1
88,1
37,1
64,1
121,1
150,1
72,1
109,1
123,1
145,1
1,1
47,1
143,1
78,1
97,1
11,1
108,1
29,1
112,1
117,1
88,1
118,1
54,1
92,1
78,1
45,1
85,1
5,1
44,1
135,1
118,1
118,1
95,1
4,1
11,1
4,1
34,1
47,1
57,1
127,1
25,1
16,1
23,1
80,1
132,1
11,1
92,1
37,1
88,1
23,1
92,1
5,1
88,1
36,1
0,1
33,1
149,1
47,1
45,1
149,1
29,1
23,1
2,1
53,1
138,1
122,1
128,1
5,1
31,1
37,1
13,1
29,1
21,1
72,1
104,1
72,1
119,1
3,1
118,1
120,1
71,1
21,1
110,1
132,1
82,1
34,1
132,1
125,1
145,1
0,1
7,1
113,1
28,1
142,1
71,1
53,1
57,1
4,1
131,1
53,1
142,1
110,1
48,1
40,1
99,1
85,1
72,1
56,1
150,1
33,1
98,1
42,1
28,1
67,1
50,1
29,1
31,1
14,1
114,1
127,1
57,1
128,1
88,1
99,1
139,1
39,1
24,1
4,1
49,1
37,1
123,1
88,1
129,1
143,1
121,1
151,1
88,1
78,1
23,1
109,1
54,1
0,1
44,1
128,1
43,1
70,1
53,1
4,1
53,1
47,1
6,1
122,1
128,1
150,1
60,1
118,1
92,1
68,1
110,1
125,1
32,1
97,1
127,1
59,1
137,1
128,1
35,1
88,1
31,1
88,1
47,1
88,1
0,1
11,1
46,1
128,1
66,1
55,1
5,1
22,1
23,1
53,1
137,1
136,1
7,1
8,1
105,1
128,1
141,1
143,1
136,1
18,1
47,1
23,1
1,1
68,1
54,1
82,1
37,1
72,1
12,1
44,1
73,1
8,1
54,1
57,1
122,1
128,1
140,1
82,1
101,1
4,1
43,1
43,1
67,1
103,1
37,1
50,1
128,1
110,1
115,1
53,1
37,1
61,1
79,1
140,1
47,1
133,1
20,1
14,1
150,1
36,1
3,1
88,1
4,1
56,1
1,1
126,1
109,1
47,1
46,1
113,1
39,1
44,1
107,1
71,1
28,1
66,1
67,1
82,1
47,1
110,1
72,1
44,1
35,1
3,1
128,1
122,1
40,1
53,1
114,1
8,1
97,1
31,1
61,1
115,1
54,1
84,1
81,1
130,1
5,1
99,1
144,1
105,1
97,1
44,1
20,1
1,1
44,1
139,1
108,1
137,1
2,1
112,1
15,1
70,1
133,1
103,1
44,1
40,1
106,1
113,1
30,1
127,1
56,1
36,1
124,1
88,1
29,1
125,1
10,1
88,1
2,1
104,1
90,1
47,1
132,1
47,1
88,1
53,1
47,1
44,1
148,1
34,1
128,1
101,1
130,1
20,1
23,1
36,1
58,1
97,1
134,1
122,1
148,1
29,1
61,1
117,1
13,1
132,1
0,1
59,1
124,1
87,1
120,1
101,1
129,1
67,1
107,1
66,1
88,1
122,1
88,1
20,1
129,1
116,1
117,1
89,1
22,1
114,1
8,1
116,1
151,1
107,1
57,1
128,1
31,1
95,1
54,1
122,1
2,1
119,1
37,1
143,1
119,1
88,1
10,1
110,1
20,1
76,1
23,1
81,1
128,1
77,1
39,1
32,1
79,1
108,1
4,1
139,1
143,1
111,1
136,1
135,1
139,1
38,1
23,1
9,1
81,1
127,1
93,1
49,1
123,1
83,1
47,1
47,1
128,1
88,1
23,1
56,1
2,1
62,1
51,1
114,1
76,1
58,1
58,1
12,1
75,1
88,1
123,1
99,1
117,1
59,1
83,1
132,1
42,1
72,1
16,1
29,1
87,1
39,1
88,1
94,1
66,1
133,1
18,1
33,1
125,1
138,1
98,1
112,1
102,1
47,1
25,1
45,1
56,1
8,1
29,1
23,1
33,1
129,1
126,1
12,1
23,1
50,1
1,1
101,1
124,1
48,1
144,1
98,1
103,1
37,1
5,1
8,1
104,1
122,1
0,1
89,1
106,1
51,1
23,1
71,1
3,1
134,1
102,1
13,1
151,1
23,1
128,1
9,1
71,1
13,1
88,1
128,1
18,1
78,1
136,1
9,1
95,1
139,1
134,1
142,1
47,1
21,1
26,1
137,1
72,1
53,1
113,1
51,1
131,1
45,1
72,1
72,1
134,1
100,1
117,1
70,1
134,1
122,1
6,1
25,1
16,1
22,1
88,1
53,1
120,1
45,1
0,1
60,1
129,1
23,1
23,1
36,1
129,1
85,1
5,1
31,1
116,1
99,1
58,1
81,1
16,1
33,1
11,1
92,1
74,1
149,1
133,1
129,1
62,1
109,1
36,1
66,1
88,1
29,1
73,1
133,1
114,1
66,1
47,1
116,1
42,1
121,1
118,1
133,1
30,1
133,1
53,1
97,1
69,1
37,1
47,1
128,1
142,1
88,1
132,1
106,1
53,1
118,1
12,1
104,1
49,1
87,1
59,1
150,1
70,1
128,1
89,1
23,1
130,1
40,1
127,1
150,1
128,1
88,1
73,1
69,1
6,1
0,1
111,1
144,1
130,1
15,1
88,1
57,1
146,1
62,1
4,1
145,1
50,1
97,1
53,1
121,1
79,1
18,1
47,1
30,1
25,1
95,1
128,1
101,1
35,1
0,1
12,1
122,1
100,1
66,1
48,1
23,1
124,1
15,1
101,1
131,1
122,1
16,1
136,1
138,1
127,1
88,1
33,1
36,1
128,1
72,1
12,1
92,1
11,1
23,1
95,1
47,1
107,1
118,1
106,1
97,1
149,1
74,1
113,1
127,1
