136,138
113,113
127,127
130,130
144,15
134,133
59,59
148,79
105,105
133,52
24,41
151,71
58,58
48,141
19,37
36,36
17,5
56,56
18,33
130,130
130,20
45,121
119,119
68,68
88,88
28,28
96,135
26,26
145,14
87,87
144,67
125,61
124,122
45,1
81,95
0,0
143,143
47,22
100,100
75,75
144,144
28,28
59,59
123,123
122,66
98,98
17,5
49,49
46,46
128,150
142,142
139,139
104,104
45,56
97,97
6,114
110,65
39,39
32,32
17,17
146,146
49,49
88,138
124,123
146,146
24,150
114,106
8,9
107,5
64,65
150,150
114,114
83,79
73,73
121,13
7,7
151,65
12,12
6,6
1,47
71,71
45,42
57,57
144,144
7,123
36,0
124,149
95,97
4,124
4,4
135,96
146,146
133,45
117,117
63,63
133,59
22,22
24,24
151,151
71,11
136,138
57,57
117,26
129,43
60,116
110,110
85,85
145,145
133,32
120,120
148,148
6,52
74,86
48,8
48,25
106,144
117,117
28,28
29,50
128,154
10,127
140,140
37,37
46,128
150,150
136,136
103,103
33,18
46,46
137,137
88,75
24,43
19,19
9,9
118,65
102,102
9,48
8,129
100,150
14,14
108,104
120,120
87,74
130,76
103,103
57,57
34,34
46,46
36,62
124,124
89,78
90,90
60,60
68,139
137,66
25,25
120,120
5,5
137,27
141,123
127,127
123,62
128,141
25,0
29,4
21,21
143,112
112,112
36,36
18,18
112,112
89,98
92,92
115,34
105,110
11,11
115,115
88,94
116,116
109,109
45,62
71,71
102,102
140,149
81,148
122,137
0,0
123,136
109,109
6,110
85,85
73,73
97,97
17,17
115,129
139,121
54,54
136,72
56,56
110,110
87,87
104,104
0,64
115,115
24,24
47,47
45,14
73,73
71,151
48,143
11,11
120,131
61,7
30,38
25,53
47,47
143,114
62,25
105,31
63,63
33,33
88,70
43,112
134,75
8,18
142,142
115,115
2,37
72,72
0,28
127,9
47,153
29,3
127,5
1,1
65,65
64,64
56,56
66,152
95,95
103,103
89,94
118,18
19,19
124,121
112,112
142,142
57,28
72,72
64,64
128,72
109,109
12,112
146,146
130,6
21,21
7,149
142,48
94,94
113,113
83,98
72,100
24,36
41,40
137,140
74,74
13,13
66,60
60,60
95,95
42,42
69,69
66,66
23,31
115,116
63,138
27,27
26,116
30,66
119,119
12,12
47,118
142,144
131,131
89,95
152,152
36,44
105,105
115,116
85,90
80,83
18,51
99,99
133,35
95,83
118,117
115,115
100,100
146,146
133,130
128,100
11,106
62,62
65,72
78,78
128,54
124,122
88,93
154,16
45,34
108,108
110,55
74,74
36,36
141,141
116,26
24,24
76,98
1,1
130,77
79,86
69,69
59,59
83,83
59,59
97,97
48,32
30,105
8,8
101,58
135,82
34,34
90,90
131,131
40,43
55,110
145,67
46,56
10,141
54,54
46,37
145,5
77,86
115,115
149,61
8,8
88,88
126,126
77,74
52,35
149,149
83,83
107,107
114,114
130,146
146,146
15,0
129,129
132,132
143,114
54,51
144,144
2,2
20,61
7,6
66,147
12,11
17,143
113,113
21,23
3,3
49,70
113,113
46,10
86,80
53,53
70,67
66,141
10,45
122,124
52,52
9,1
95,95
93,93
51,53
135,135
110,21
4,41
81,77
121,141
40,31
133,20
135,148
28,28
17,129
12,145
29,52
128,49
35,145
7,67
111,111
40,38
44,44
67,37
146,96
74,76
90,90
110,111
147,147
119,119
9,9
47,102
99,108
121,121
48,58
97,97
54,45
128,101
69,20
22,22
106,106
146,135
100,32
72,72
5,138
40,24
151,151
100,32
4,4
142,107
47,71
22,59
44,52
123,128
4,50
116,116
70,70
124,142
142,11
118,118
54,54
57,12
34,34
142,99
33,33
110,110
128,61
88,88
62,70
46,46
49,41
72,139
124,53
68,68
142,35
48,57
57,57
20,20
31,31
88,23
24,64
70,30
32,32
0,0
146,97
130,95
145,145
144,144
39,39
85,75
36,62
66,121
62,36
40,38
16,15
28,28
112,112
60,60
134,92
79,135
136,151
12,12
126,126
133,150
33,33
52,49
43,118
66,59
135,135
25,25
122,127
142,46
90,90
3,3
24,37
0,154
23,22
42,42
132,132
21,21
48,24
50,121
120,113
11,2
135,135
116,115
54,149
128,40
15,30
109,109
81,81
12,12
100,100
115,115
19,19
6,39
58,58
29,151
100,100
125,33
31,36
135,91
88,88
84,76
110,110
121,63
93,131
22,22
12,11
62,69
48,28
29,29
40,41
109,41
148,148
86,93
122,123
88,148
122,20
101,101
58,140
88,111
127,127
102,109
47,125
45,42
90,90
95,95
31,35
89,94
123,123
149,149
142,101
22,22
99,99
47,138
90,91
92,92
32,32
48,9
84,88
61,61
27,27
36,36
128,46
20,66
23,33
98,90
112,109
12,70
4,49
79,79
88,88
80,80
116,115
102,102
70,39
30,37
122,142
26,26
142,36
44,44
136,123
1,125
41,45
80,96
145,145
112,42
46,0
62,121
113,113
36,140
74,130
67,67
91,91
56,56
48,48
134,94
100,100
47,48
55,110
134,134
29,29
27,27
133,1
28,10
9,11
137,114
4,4
16,43
23,51
67,67
53,151
32,32
12,12
142,105
17,64
104,104
79,79
134,95
150,38
23,31
139,139
135,87
46,127
133,146
141,141
127,127
99,111
64,63
2,69
23,103
48,10
128,128
13,13
138,138
13,14
55,55
88,121
33,33
81,135
7,7
128,63
152,152
142,143
88,13
128,126
0,0
82,85
96,96
34,144
133,26
20,124
145,15
54,54
88,132
134,76
71,71
43,73
149,149
6,54
74,92
61,20
98,81
48,113
36,68
116,116
77,98
88,112
51,52
142,4
130,146
14,73
110,108
105,105
144,34
145,145
8,18
28,28
81,81
11,11
100,100
101,19
51,51
88,94
10,10
16,16
139,129
64,39
154,50
83,83
143,143
52,147
93,93
57,38
110,106
133,133
107,58
88,54
48,7
56,56
80,96
103,123
124,137
130,97
88,80
37,37
95,86
125,45
30,108
10,28
100,154
1,1
35,35
31,27
123,6
95,85
96,96
0,41
122,141
33,33
48,29
99,11
88,118
133,93
8,48
122,45
6,6
14,67
151,53
59,59
93,93
90,90
4,4
108,3
35,18
151,137
134,96
88,88
35,4
30,21
119,119
75,75
108,59
35,35
29,71
71,51
104,104
23,23
52,52
23,39
99,129
108,108
117,117
54,142
2,37
25,25
145,14
111,111
48,25
31,31
124,71
146,81
28,28
128,128
4,50
7,103
36,24
118,118
133,130
133,133
108,48
6,6
47,152
148,79
10,48
6,7
89,75
97,97
145,35
46,121
51,51
92,92
134,84
59,59
20,22
98,113
68,68
71,4
50,28
127,58
54,66
104,105
48,57
85,85
88,4
33,126
144,144
14,59
108,113
46,127
46,64
105,106
92,92
10,68
132,132
106,106
101,139
125,45
88,109
115,149
76,76
59,108
109,109
47,149
9,40
89,89
133,100
109,103
142,126
75,89
101,101
72,72
77,77
55,110
33,63
66,66
48,115
125,0
114,114
129,102
85,88
106,101
85,131
139,139
12,11
7,71
62,20
137,124
110,110
122,124
52,52
120,119
121,66
32,42
85,80
25,9
53,9
103,103
31,118
34,144
94,94
7,137
81,134
48,25
146,146
137,35
88,88
105,105
32,32
49,41
20,20
61,61
28,127
62,62
144,15
98,79
65,48
88,10
110,110
4,54
74,74
76,76
103,58
88,30
115,115
120,120
132,132
89,146
49,61
36,42
10,10
95,95
133,134
128,126
115,26
60,60
93,93
85,89
151,151
20,20
55,55
90,90
11,12
134,89
15,47
28,9
137,137
10,10
86,80
21,21
15,15
31,40
47,47
38,44
12,153
70,70
16,16
88,103
29,29
8,13
101,111
104,99
104,52
103,152
52,71
12,109
15,2
128,20
23,29
60,60
59,59
97,89
127,9
76,76
48,29
44,44
53,17
29,136
63,63
22,22
50,46
145,40
107,117
96,96
109,109
19,117
28,154
137,137
110,73
8,9
153,139
95,95
83,83
20,66
88,146
81,95
11,11
60,60
87,81
71,71
130,81
128,126
134,87
23,23
116,30
23,23
31,31
13,13
133,30
86,74
151,151
118,109
13,29
35,145
151,122
30,30
47,47
75,75
48,10
6,73
97,133
122,141
99,99
5,12
8,9
23,23
108,108
130,87
20,20
107,100
109,106
146,96
94,94
80,80
145,145
85,80
48,55
106,106
146,76
91,91
122,151
107,107
22,102
124,123
129,140
94,94
88,88
122,26
88,80
101,143
45,45
75,75
57,10
77,77
72,30
105,113
63,15
94,87
44,53
33,145
20,20
6,46
116,115
60,44
116,115
143,143
47,65
121,121
57,57
36,36
71,72
83,74
66,66
101,101
109,58
128,128
122,122
100,32
108,108
127,103
22,22
110,101
0,0
112,112
20,22
110,110
58,58
131,131
6,11
128,54
48,8
112,105
20,3
119,119
18,125
86,86
143,62
47,24
134,82
2,2
41,41
110,110
137,65
99,47
146,146
128,62
88,152
123,39
11,11
125,36
139,139
108,102
14,0
66,46
38,38
23,23
114,129
47,116
29,29
85,85
139,17
142,150
142,68
127,36
100,28
3,21
127,127
129,129
12,10
88,115
2,21
48,24
89,94
103,103
42,42
46,46
3,3
143,2
133,122
7,66
128,109
17,149
62,70
88,69
36,152
40,40
13,13
34,144
33,105
52,52
83,83
122,54
129,19
106,55
30,60
95,95
133,26
115,113
30,152
123,22
4,4
133,17
150,38
11,11
45,45
151,151
74,148
54,54
122,137
107,23
52,49
129,129
3,3
88,84
124,153
98,98
62,65
62,62
119,119
102,18
36,5
49,49
109,109
68,68
14,14
18,18
105,105
99,99
136,136
151,54
8,68
12,110
100,100
68,68
109,104
133,135
146,77
72,72
45,150
30,30
30,62
70,58
138,23
101,101
125,125
31,31
140,5
96,96
28,28
22,22
123,53
1,125
4,49
88,49
81,93
106,143
105,105
63,138
115,117
72,99
89,94
74,74
17,17
40,41
45,21
28,28
47,47
72,17
58,103
60,60
21,38
46,46
107,107
115,16
7,4
77,77
133,12
86,74
85,85
33,33
35,145
135,135
94,94
133,71
127,1
47,62
71,71
121,121
133,147
19,113
6,29
48,105
35,35
111,111
142,127
42,129
36,36
48,12
138,138
12,34
17,125
1,1
51,154
10,25
86,86
150,150
82,82
59,59
33,136
130,78
32,32
94,94
12,11
108,38
99,73
129,149
146,132
137,126
47,15
46,106
51,29
96,96
9,9
149,23
65,65
123,32
8,57
18,18
48,126
8,17
145,154
101,101
148,148
150,152
122,122
41,41
26,27
87,78
48,105
92,92
8,100
89,75
48,16
106,106
0,68
35,5
6,6
123,60
88,84
128,62
145,16
50,4
3,151
55,110
88,133
100,100
57,57
100,154
133,148
72,56
150,42
0,64
83,83
142,22
74,86
70,39
133,133
32,32
16,16
88,120
85,85
107,105
130,81
97,98
71,71
14,27
46,57
95,82
71,137
146,74
72,43
7,152
53,50
3,103
129,129
16,147
29,50
91,91
44,45
42,42
7,36
102,72
98,131
122,53
128,52
7,4
91,91
13,13
57,57
142,3
19,19
18,18
88,96
132,132
9,9
80,80
109,109
146,130
12,44
142,142
138,138
48,8
3,51
64,36
47,153
144,144
122,141
82,86
17,5
96,80
34,145
145,34
89,89
54,111
137,137
88,142
34,13
28,28
108,108
138,138
69,69
9,9
83,148
6,123
134,134
113,113
16,16
118,118
116,116
128,56
95,78
146,107
11,11
100,21
58,58
17,140
44,44
110,55
4,52
59,152
51,3
147,147
59,59
127,53
63,140
37,37
31,99
66,66
89,89
29,29
14,14
34,34
142,34
127,11
133,95
1,1
58,58
120,113
63,71
92,94
104,104
130,131
118,42
142,33
88,11
103,103
88,6
118,109
122,39
68,34
110,105
141,141
146,77
132,132
14,145
133,31
48,142
2,2
22,22
142,34
51,9
9,72
115,115
19,19
47,153
70,70
82,82
137,138
107,21
38,41
18,18
59,59
59,59
88,135
72,72
8,144
118,24
26,26
114,143
93,93
95,91
108,108
21,21
88,135
31,31
45,40
35,35
127,127
8,32
48,116
133,53
21,21
5,5
38,115
31,31
107,120
128,136
32,32
125,125
123,121
133,152
47,24
8,8
84,74
36,36
100,100
148,148
121,61
112,112
143,143
135,83
75,85
95,95
51,52
23,121
123,4
8,10
117,19
36,43
7,141
149,149
78,78
112,112
109,109
10,8
81,81
19,19
0,0
106,106
11,137
88,88
146,146
30,32
60,60
42,32
53,21
8,40
20,137
84,133
23,18
33,47
67,67
46,6
21,21
66,50
85,85
112,16
55,55
14,14
29,29
96,80
107,107
47,106
10,25
9,10
32,32
108,108
142,22
21,5
115,115
88,124
82,82
134,75
48,62
72,38
9,9
33,33
154,154
22,22
84,84
111,111
8,8
56,56
128,53
39,39
142,142
88,102
83,83
122,71
24,141
150,31
134,87
110,104
53,43
90,90
77,77
4,0
1,1
37,104
73,104
25,25
122,137
17,41
25,10
105,105
88,139
23,118
89,79
134,134
122,49
9,9
75,85
32,32
68,10
6,6
8,48
89,89
88,88
91,90
145,145
145,71
71,129
88,122
133,133
12,12
79,93
30,39
3,5
146,77
114,114
73,15
98,98
32,32
110,55
30,30
48,48
9,53
54,49
3,3
130,130
136,138
66,66
47,70
30,30
128,151
145,34
152,152
75,75
56,56
2,2
133,85
96,82
98,98
124,141
50,49
133,34
136,52
11,11
107,107
9,9
134,89
88,59
119,121
132,132
30,64
128,151
122,46
13,13
122,121
53,25
27,68
27,27
73,73
47,11
62,65
30,24
24,24
69,69
109,109
134,134
99,99
90,91
23,47
133,80
14,15
27,27
4,4
126,126
121,24
82,134
3,150
108,28
84,84
133,14
53,52
77,84
11,11
46,46
7,7
74,76
100,25
68,68
84,85
44,44
82,82
133,133
27,27
145,69
148,148
117,117
64,57
103,58
74,86
16,24
47,124
129,129
12,68
34,34
76,76
15,15
121,50
19,26
48,136
58,58
12,33
4,6
97,94
124,50
109,21
95,95
122,105
98,98
117,113
8,47
79,79
88,88
145,145
48,72
72,72
84,86
112,112
107,73
65,63
133,79
107,103
60,60
35,35
134,96
70,70
133,22
112,119
123,27
79,79
122,49
97,97
74,74
133,148
128,15
38,41
2,146
23,17
3,3
58,23
124,124
71,70
52,49
88,145
87,86
122,122
119,120
7,29
129,26
123,42
88,2
6,46
92,92
111,55
71,136
119,107
104,104
114,0
79,79
134,97
11,11
106,117
91,91
146,130
50,51
111,111
136,137
98,134
64,5
88,108
54,5
48,0
31,149
4,29
11,73
42,70
38,40
141,6
126,126
23,20
53,33
12,12
30,63
119,119
99,99
137,151
15,15
123,28
87,87
150,125
4,4
19,19
71,58
23,56
85,85
104,104
85,85
4,4
89,89
40,40
4,111
95,81
120,120
99,99
128,46
106,106
48,48
14,14
88,118
122,123
71,122
69,56
35,35
67,67
154,32
109,109
10,10
130,135
126,126
61,60
43,22
135,93
62,70
47,31
46,127
116,31
88,7
4,4
99,99
34,34
105,55
71,69
49,145
148,76
126,58
89,97
59,20
19,41
47,124
37,39
143,6
144,144
97,133
120,120
82,75
140,140
78,131
99,99
67,107
102,102
92,89
115,115
86,90
85,85
128,29
114,114
53,54
108,24
55,55
35,16
69,69
48,21
45,108
50,50
64,62
33,33
68,68
51,52
91,91
47,126
142,142
49,50
34,34
20,153
148,148
20,23
67,20
10,10
133,68
127,57
25,38
47,68
84,81
134,94
51,72
109,56
107,58
101,101
28,10
107,107
50,101
1,1
103,103
73,73
72,72
98,98
133,70
80,80
145,12
31,31
54,72
118,118
47,47
11,11
37,2
73,139
85,85
108,64
38,40
122,124
18,70
119,119
135,98
127,4
33,33
142,65
101,139
147,12
34,14
120,120
38,38
83,78
123,117
12,12
48,114
140,140
88,137
29,58
66,66
27,27
25,51
47,33
64,28
54,54
128,127
24,62
95,93
128,126
133,3
88,140
82,80
6,6
30,50
86,83
88,91
46,38
22,3
36,36
48,48
109,109
40,39
70,39
84,84
57,57
127,70
142,142
112,112
62,62
40,40
150,23
9,127
20,126
138,138
111,45
115,115
47,150
143,143
138,147
40,40
23,30
16,16
28,3
97,86
84,84
128,72
18,18
71,71
26,26
50,50
36,150
45,45
38,38
88,116
145,63
116,32
122,122
22,22
22,22
128,34
3,22
151,137
89,133
45,25
42,12
106,73
44,44
123,124
96,96
133,76
145,0
149,16
154,153
3,3
23,6
119,119
66,22
137,71
128,55
130,74
67,34
149,19
68,62
61,61
48,33
17,149
142,40
30,150
81,81
116,116
75,75
25,48
75,75
134,82
122,138
32,109
129,129
11,11
47,37
23,69
77,77
55,40
32,126
27,39
19,5
80,80
27,27
94,94
110,110
133,77
52,4
30,63
72,38
109,80
77,77
55,55
35,35
