143,1
131,1
64,1
43,1
87,1
120,1
20,1
100,1
127,1
128,1
91,1
88,1
146,1
35,1
74,1
64,1
110,1
134,1
57,1
136,1
42,1
47,1
1,1
137,1
5,1
108,1
13,1
111,1
77,1
87,1
51,1
122,1
90,1
113,1
47,1
110,1
115,1
135,1
125,1
145,1
45,1
143,1
24,1
83,1
124,1
38,1
74,1
13,1
154,1
13,1
59,1
114,1
30,1
8,1
81,1
34,1
97,1
121,1
150,1
32,1
149,1
77,1
42,1
47,1
111,1
8,1
50,1
124,1
88,1
16,1
83,1
68,1
43,1
87,1
148,1
3,1
25,1
76,1
60,1
149,1
128,1
8,1
52,1
39,1
140,1
58,1
7,1
5,1
7,1
85,1
23,1
68,1
88,1
129,1
3,1
73,1
25,1
86,1
47,1
32,1
62,1
97,1
63,1
56,1
19,1
128,1
47,1
72,1
137,1
5,1
21,1
127,1
7,1
118,1
110,1
33,1
47,1
125,1
86,1
31,1
113,1
92,1
36,1
126,1
20,1
129,1
126,1
23,1
36,1
45,1
74,1
123,1
119,1
47,1
5,1
77,1
38,1
46,1
119,1
3,1
81,1
36,1
64,1
7,1
55,1
102,1
127,1
14,1
56,1
140,1
20,1
55,1
54,1
89,1
21,1
73,1
116,1
5,1
85,1
38,1
90,1
146,1
27,1
42,1
29,1
148,1
16,1
50,1
145,1
47,1
141,1
82,1
28,1
103,1
0,1
32,1
115,1
104,1
150,1
115,1
122,1
134,1
108,1
87,1
42,1
7,1
80,1
144,1
26,1
18,1
47,1
118,1
82,1
127,1
138,1
108,1
89,1
23,1
109,1
136,1
39,1
36,1
30,1
22,1
72,1
24,1
120,1
122,1
22,1
54,1
13,1
66,1
29,1
126,1
84,1
8,1
34,1
46,1
68,1
109,1
10,1
69,1
101,1
1,1
131,1
57,1
88,1
120,1
61,1
6,1
32,1
87,1
45,1
113,1
141,1
121,1
105,1
24,1
144,1
89,1
143,1
7,1
150,1
150,1
107,1
41,1
141,1
140,1
131,1
47,1
19,1
88,1
146,1
45,1
35,1
47,1
13,1
33,1
56,1
77,1
1,1
10,1
70,1
42,1
32,1
43,1
117,1
144,1
41,1
45,1
115,1
37,1
37,1
141,1
16,1
77,1
129,1
25,1
8,1
42,1
50,1
57,1
133,1
128,1
48,1
110,1
16,1
29,1
21,1
76,1
47,1
128,1
41,1
43,1
101,1
151,1
134,1
125,1
137,1
129,1
113,1
97,1
75,1
72,1
65,1
82,1
4,1
101,1
81,1
119,1
33,1
101,1
21,1
84,1
16,1
154,1
81,1
30,1
80,1
30,1
37,1
54,1
133,1
151,1
88,1
9,1
5,1
122,1
62,1
84,1
104,1
95,1
43,1
108,1
14,1
84,1
42,1
84,1
94,1
53,1
30,1
30,1
77,1
79,1
45,1
19,1
128,1
61,1
23,1
47,1
6,1
114,1
112,1
150,1
118,1
7,1
136,1
100,1
47,1
9,1
30,1
101,1
111,1
46,1
121,1
57,1
35,1
122,1
2,1
36,1
40,1
5,1
59,1
135,1
15,1
91,1
151,1
43,1
127,1
147,1
54,1
13,1
121,1
127,1
150,1
133,1
128,1
145,1
45,1
57,1
57,1
146,1
111,1
84,1
88,1
38,1
142,1
144,1
83,1
47,1
72,1
46,1
19,1
140,1
17,1
47,1
102,1
98,1
0,1
124,1
130,1
22,1
126,1
10,1
137,1
47,1
63,1
47,1
130,1
47,1
45,1
83,1
11,1
112,1
45,1
142,1
122,1
12,1
96,1
38,1
3,1
69,1
154,1
102,1
99,1
14,1
35,1
70,1
13,1
36,1
32,1
10,1
45,1
56,1
85,1
97,1
128,1
130,1
123,1
137,1
69,1
33,1
133,1
140,1
127,1
21,1
40,1
80,1
46,1
138,1
137,1
123,1
35,1
122,1
40,1
33,1
5,1
115,1
61,1
30,1
133,1
28,1
43,1
134,1
57,1
37,1
37,1
6,1
47,1
24,1
110,1
1,1
18,1
47,1
122,1
126,1
65,1
3,1
148,1
49,1
48,1
5,1
57,1
16,1
120,1
84,1
150,1
30,1
143,1
58,1
109,1
122,1
128,1
23,1
35,1
97,1
28,1
49,1
47,1
122,1
142,1
140,1
14,1
11,1
113,1
50,1
85,1
129,1
35,1
111,1
33,1
138,1
64,1
44,1
34,1
96,1
58,1
108,1
31,1
66,1
102,1
32,1
42,1
38,1
63,1
67,1
1,1
3,1
6,1
64,1
103,1
123,1
61,1
71,1
134,1
81,1
13,1
119,1
107,1
9,1
47,1
40,1
110,1
23,1
102,1
78,1
46,1
96,1
62,1
42,1
59,1
83,1
3,1
24,1
143,1
50,1
4,1
74,1
31,1
128,1
133,1
82,1
2,1
35,1
134,1
47,1
33,1
52,1
4,1
43,1
149,1
35,1
143,1
64,1
148,1
32,1
75,1
47,1
128,1
123,1
144,1
107,1
42,1
74,1
77,1
30,1
72,1
144,1
138,1
59,1
123,1
59,1
129,1
1,1
128,1
50,1
50,1
105,1
117,1
126,1
59,1
64,1
54,1
23,1
9,1
25,1
126,1
151,1
47,1
16,1
145,1
120,1
29,1
115,1
8,1
69,1
91,1
50,1
98,1
140,1
53,1
28,1
128,1
57,1
47,1
23,1
121,1
78,1
2,1
1,1
100,1
47,1
128,1
77,1
47,1
83,1
9,1
39,1
43,1
20,1
115,1
19,1
102,1
21,1
43,1
53,1
79,1
0,1
86,1
63,1
150,1
47,1
109,1
3,1
115,1
123,1
136,1
64,1
129,1
114,1
52,1
25,1
34,1
85,1
145,1
128,1
141,1
120,1
105,1
150,1
4,1
138,1
13,1
51,1
64,1
150,1
127,1
3,1
72,1
114,1
120,1
47,1
7,1
47,1
115,1
26,1
148,1
106,1
127,1
143,1
137,1
4,1
35,1
151,1
79,1
148,1
88,1
8,1
142,1
37,1
33,1
77,1
32,1
14,1
127,1
129,1
120,1
25,1
20,1
3,1
5,1
100,1
106,1
59,1
149,1
127,1
39,1
46,1
18,1
125,1
26,1
30,1
22,1
118,1
56,1
137,1
28,1
142,1
47,1
144,1
37,1
60,1
95,1
47,1
0,1
33,1
115,1
24,1
47,1
47,1
9,1
19,1
128,1
42,1
120,1
132,1
134,1
50,1
53,1
98,1
154,1
133,1
93,1
18,1
29,1
66,1
64,1
13,1
128,1
37,1
47,1
88,1
31,1
128,1
134,1
35,1
98,1
113,1
115,1
42,1
51,1
96,1
7,1
39,1
33,1
133,1
150,1
91,1
0,1
143,1
37,1
100,1
32,1
137,1
71,1
120,1
6,1
29,1
63,1
139,1
106,1
32,1
143,1
57,1
126,1
90,1
122,1
129,1
117,1
51,1
39,1
105,1
34,1
88,1
36,1
74,1
7,1
92,1
137,1
47,1
18,1
53,1
58,1
151,1
94,1
134,1
21,1
29,1
37,1
23,1
122,1
83,1
94,1
88,1
106,1
126,1
100,1
10,1
8,1
28,1
87,1
47,1
68,1
96,1
133,1
74,1
11,1
136,1
65,1
18,1
16,1
122,1
76,1
127,1
111,1
3,1
99,1
73,1
128,1
29,1
38,1
47,1
129,1
129,1
120,1
88,1
33,1
19,1
45,1
131,1
47,1
40,1
15,1
85,1
43,1
126,1
47,1
21,1
60,1
31,1
70,1
58,1
63,1
69,1
127,1
47,1
88,1
67,1
128,1
29,1
123,1
110,1
52,1
90,1
41,1
11,1
25,1
47,1
127,1
0,1
100,1
26,1
145,1
46,1
57,1
47,1
28,1
131,1
82,1
140,1
0,1
11,1
72,1
73,1
111,1
75,1
107,1
0,1
140,1
20,1
101,1
136,1
90,1
25,1
111,1
79,1
61,1
109,1
37,1
3,1
82,1
133,1
142,1
99,1
32,1
115,1
85,1
47,1
64,1
75,1
107,1
45,1
11,1
93,1
35,1
87,1
117,1
55,1
31,1
118,1
82,1
122,1
73,1
21,1
81,1
15,1
150,1
79,1
154,1
57,1
150,1
133,1
37,1
69,1
0,1
65,1
54,1
83,1
95,1
14,1
39,1
61,1
126,1
108,1
97,1
78,1
105,1
113,1
31,1
148,1
119,1
136,1
118,1
119,1
31,1
82,1
71,1
14,1
30,1
143,1
130,1
61,1
125,1
72,1
111,1
42,1
124,1
113,1
128,1
111,1
19,1
38,1
74,1
32,1
12,1
47,1
78,1
142,1
21,1
76,1
31,1
74,1
61,1
141,1
88,1
29,1
77,1
150,1
37,1
65,1
93,1
87,1
122,1
49,1
23,1
121,1
5,1
47,1
47,1
48,1
7,1
90,1
63,1
71,1
47,1
53,1
88,1
70,1
39,1
39,1
38,1
74,1
5,1
47,1
122,1
67,1
36,1
147,1
88,1
37,1
50,1
30,1
29,1
47,1
113,1
8,1
17,1
29,1
2,1
128,1
128,1
66,1
2,1
0,1
6,1
47,1
117,1
139,1
64,1
137,1
90,1
136,1
139,1
62,1
47,1
73,1
110,1
128,1
141,1
105,1
41,1
25,1
79,1
54,1
144,1
25,1
15,1
38,1
31,1
34,1
30,1
110,1
24,1
98,1
42,1
108,1
39,1
23,1
91,1
58,1
27,1
71,1
99,1
50,1
67,1
30,1
14,1
47,1
146,1
131,1
75,1
42,1
108,1
140,1
66,1
136,1
89,1
126,1
85,1
21,1
94,1
120,1
103,1
3,1
140,1
152,1
47,1
58,1
26,1
68,1
55,1
57,1
61,1
74,1
58,1
56,1
85,1
151,1
121,1
22,1
4,1
53,1
98,1
47,1
5,1
133,1
57,1
59,1
30,1
54,1
90,1
16,1
140,1
128,1
47,1
112,1
46,1
18,1
94,1
97,1
97,1
47,1
107,1
119,1
133,1
47,1
121,1
39,1
32,1
43,1
88,1
43,1
134,1
139,1
82,1
128,1
94,1
71,1
25,1
150,1
141,1
148,1
44,1
122,1
8,1
143,1
86,1
47,1
67,1
67,1
4,1
134,1
142,1
109,1
139,1
111,1
16,1
10,1
73,1
32,1
29,1
2,1
105,1
126,1
61,1
97,1
135,1
96,1
145,1
24,1
88,1
104,1
14,1
37,1
94,1
128,1
70,1
3,1
14,1
129,1
24,1
15,1
67,1
47,1
83,1
105,1
103,1
47,1
59,1
17,1
16,1
129,1
37,1
119,1
127,1
28,1
78,1
106,1
30,1
136,1
46,1
47,1
47,1
108,1
7,1
81,1
87,1
2,1
1,1
151,1
63,1
42,1
133,1
51,1
136,1
47,1
71,1
82,1
32,1
32,1
124,1
81,1
112,1
139,1
35,1
52,1
112,1
87,1
82,1
47,1
33,1
111,1
41,1
149,1
149,1
102,1
14,1
39,1
99,1
37,1
56,1
100,1
2,1
47,1
131,1
88,1
97,1
66,1
54,1
54,1
10,1
3,1
123,1
112,1
136,1
78,1
144,1
92,1
34,1
84,1
112,1
104,1
82,1
71,1
47,1
89,1
16,1
73,1
15,1
123,1
28,1
77,1
83,1
30,1
139,1
49,1
140,1
86,1
47,1
117,1
150,1
128,1
137,1
99,1
150,1
23,1
138,1
7,1
133,1
122,1
136,1
114,1
42,1
140,1
135,1
114,1
117,1
6,1
24,1
6,1
24,1
128,1
6,1
106,1
61,1
6,1
47,1
128,1
100,1
15,1
20,1
47,1
54,1
75,1
6,1
25,1
118,1
118,1
130,1
79,1
23,1
4,1
111,1
29,1
126,1
77,1
84,1
79,1
60,1
4,1
82,1
115,1
47,1
127,1
147,1
57,1
49,1
149,1
28,1
4,1
30,1
101,1
77,1
114,1
70,1
23,1
75,1
43,1
72,1
0,1
43,1
78,1
150,1
54,1
89,1
47,1
58,1
89,1
141,1
47,1
14,1
13,1
103,1
85,1
40,1
28,1
124,1
32,1
100,1
140,1
125,1
87,1
85,1
47,1
54,1
144,1
94,1
72,1
122,1
55,1
9,1
84,1
31,1
76,1
42,1
39,1
69,1
99,1
122,1
31,1
47,1
54,1
132,1
3,1
46,1
128,1
105,1
124,1
54,1
88,1
136,1
62,1
56,1
61,1
47,1
72,1
35,1
4,1
3,1
144,1
31,1
47,1
134,1
136,1
70,1
133,1
93,1
26,1
67,1
45,1
2,1
135,1
153,1
6,1
36,1
45,1
134,1
54,1
81,1
5,1
77,1
32,1
7,1
42,1
17,1
19,1
27,1
125,1
107,1
117,1
59,1
75,1
12,1
115,1
47,1
72,1
47,1
81,1
1,1
71,1
19,1
115,1
39,1
137,1
27,1
2,1
98,1
12,1
47,1
64,1
102,1
49,1
79,1
22,1
92,1
91,1
47,1
63,1
134,1
102,1
97,1
136,1
10,1
139,1
152,1
119,1
109,1
103,1
73,1
58,1
132,1
65,1
7,1
7,1
137,1
19,1
64,1
42,1
51,1
148,1
47,1
82,1
14,1
143,1
57,1
12,1
36,1
142,1
35,1
130,1
104,1
44,1
13,1
24,1
88,1
13,1
48,1
47,1
50,1
109,1
117,1
47,1
154,1
44,1
150,1
3,1
36,1
44,1
148,1
39,1
148,1
70,1
7,1
47,1
58,1
10,1
33,1
148,1
48,1
108,1
78,1
19,1
124,1
61,1
47,1
12,1
126,1
8,1
102,1
77,1
27,1
54,1
108,1
32,1
70,1
52,1
77,1
148,1
102,1
120,1
57,1
125,1
94,1
42,1
17,1
46,1
8,1
140,1
99,1
151,1
82,1
32,1
17,1
47,1
47,1
48,1
107,1
128,1
24,1
121,1
136,1
127,1
130,1
30,1
142,1
28,1
47,1
19,1
89,1
47,1
30,1
106,1
152,1
102,1
133,1
47,1
47,1
84,1
36,1
130,1
66,1
108,1
72,1
88,1
119,1
98,1
114,1
3,1
74,1
41,1
71,1
95,1
59,1
23,1
31,1
29,1
45,1
104,1
100,1
52,1
22,1
34,1
61,1
128,1
56,1
47,1
46,1
70,1
73,1
73,1
129,1
127,1
141,1
119,1
61,1
37,1
11,1
124,1
112,1
137,1
110,1
126,1
148,1
126,1
55,1
149,1
95,1
32,1
103,1
97,1
46,1
2,1
59,1
82,1
45,1
47,1
15,1
122,1
1,1
123,1
11,1
15,1
31,1
105,1
68,1
65,1
72,1
86,1
108,1
127,1
93,1
71,1
122,1
25,1
90,1
140,1
69,1
146,1
43,1
85,1
72,1
66,1
47,1
111,1
60,1
45,1
40,1
118,1
35,1
114,1
99,1
65,1
93,1
102,1
42,1
6,1
25,1
120,1
18,1
145,1
31,1
124,1
42,1
37,1
148,1
50,1
87,1
136,1
56,1
39,1
117,1
14,1
28,1
90,1
146,1
47,1
122,1
139,1
82,1
37,1
93,1
7,1
150,1
44,1
43,1
82,1
82,1
15,1
4,1
47,1
8,1
111,1
150,1
33,1
63,1
143,1
4,1
120,1
98,1
50,1
133,1
47,1
49,1
100,1
36,1
70,1
36,1
87,1
7,1
72,1
39,1
43,1
19,1
55,1
131,1
128,1
37,1
44,1
34,1
18,1
50,1
76,1
68,1
8,1
47,1
5,1
101,1
72,1
102,1
47,1
84,1
47,1
133,1
43,1
137,1
57,1
50,1
35,1
47,1
47,1
95,1
43,1
4,1
64,1
30,1
45,1
122,1
120,1
90,1
45,1
152,1
47,1
59,1
94,1
136,1
18,1
60,1
148,1
127,1
25,1
127,1
43,1
5,1
47,1
128,1
67,1
57,1
137,1
32,1
142,1
84,1
7,1
134,1
89,1
121,1
36,1
50,1
72,1
81,1
82,1
68,1
14,1
141,1
133,1
78,1
70,1
17,1
35,1
143,1
14,1
28,1
134,1
54,1
36,1
121,1
133,1
112,1
121,1
40,1
18,1
25,1
43,1
142,1
33,1
15,1
116,1
16,1
100,1
52,1
25,1
4,1
77,1
47,1
28,1
35,1
32,1
7,1
122,1
150,1
27,1
67,1
103,1
142,1
26,1
150,1
30,1
90,1
137,1
72,1
104,1
133,1
105,1
62,1
75,1
47,1
23,1
12,1
33,1
26,1
23,1
125,1
47,1
149,1
148,1
79,1
58,1
5,1
110,1
23,1
133,1
30,1
131,1
34,1
24,1
83,1
47,1
95,1
64,1
148,1
3,1
83,1
25,1
31,1
114,1
142,1
29,1
59,1
142,1
83,1
18,1
49,1
57,1
29,1
114,1
52,1
53,1
86,1
37,1
128,1
68,1
96,1
47,1
84,1
61,1
16,1
19,1
56,1
116,1
105,1
7,1
49,1
40,1
18,1
82,1
47,1
91,1
47,1
50,1
11,1
80,1
121,1
122,1
150,1
114,1
21,1
122,1
62,1
81,1
93,1
47,1
86,1
104,1
24,1
61,1
47,1
21,1
33,1
47,1
57,1
141,1
10,1
106,1
127,1
121,1
16,1
71,1
117,1
128,1
25,1
93,1
60,1
27,1
8,1
47,1
60,1
16,1
64,1
92,1
128,1
3,1
54,1
91,1
50,1
128,1
82,1
18,1
36,1
87,1
102,1
122,1
128,1
39,1
21,1
29,1
73,1
39,1
68,1
129,1
87,1
108,1
125,1
49,1
114,1
54,1
57,1
2,1
7,1
30,1
137,1
14,1
117,1
0,1
39,1
88,1
144,1
4,1
34,1
47,1
131,1
116,1
91,1
88,1
68,1
133,1
91,1
54,1
151,1
71,1
47,1
97,1
119,1
119,1
100,1
114,1
134,1
47,1
26,1
47,1
47,1
73,1
133,1
97,1
70,1
87,1
136,1
57,1
117,1
60,1
139,1
125,1
150,1
99,1
104,1
58,1
75,1
148,1
3,1
100,1
57,1
47,1
148,1
72,1
111,1
30,1
5,1
26,1
51,1
74,1
37,1
146,1
31,1
12,1
58,1
115,1
2,1
116,1
30,1
7,1
104,1
37,1
61,1
133,1
136,1
23,1
19,1
127,1
6,1
35,1
79,1
23,1
123,1
74,1
127,1
129,1
128,1
133,1
105,1
20,1
150,1
87,1
41,1
105,1
143,1
143,1
42,1
98,1
149,1
43,1
12,1
151,1
73,1
9,1
26,1
28,1
106,1
14,1
145,1
135,1
104,1
1,1
47,1
22,1
122,1
77,1
115,1
93,1
120,1
27,1
14,1
125,1
121,1
72,1
102,1
87,1
59,1
142,1
16,1
40,1
21,1
143,1
36,1
133,1
12,1
139,1
135,1
143,1
104,1
151,1
87,1
74,1
105,1
21,1
104,1
132,1
142,1
44,1
62,1
119,1
114,1
11,1
102,1
12,1
1,1
127,1
33,1
100,1
142,1
44,1
44,1
104,1
148,1
150,1
36,1
61,1
47,1
100,1
8,1
108,1
57,1
61,1
134,1
101,1
97,1
24,1
149,1
55,1
53,1
71,1
18,1
28,1
124,1
87,1
121,1
127,1
111,1
136,1
149,1
82,1
35,1
116,1
45,1
95,1
11,1
121,1
121,1
134,1
20,1
67,1
47,1
127,1
38,1
147,1
106,1
52,1
115,1
30,1
124,1
16,1
100,1
98,1
64,1
132,1
10,1
30,1
99,1
149,1
57,1
120,1
61,1
110,1
49,1
61,1
58,1
26,1
125,1
53,1
49,1
46,1
47,1
138,1
55,1
19,1
129,1
60,1
33,1
138,1
135,1
6,1
58,1
36,1
117,1
54,1
30,1
128,1
24,1
23,1
28,1
3,1
13,1
134,1
115,1
93,1
129,1
106,1
143,1
93,1
47,1
53,1
3,1
36,1
128,1
95,1
94,1
68,1
2,1
127,1
120,1
85,1
142,1
47,1
82,1
111,1
137,1
123,1
103,1
30,1
37,1
27,1
66,1
25,1
77,1
28,1
118,1
87,1
57,1
55,1
27,1
106,1
128,1
24,1
59,1
98,1
84,1
62,1
139,1
130,1
150,1
0,1
149,1
109,1
5,1
46,1
122,1
49,1
21,1
1,1
8,1
97,1
51,1
92,1
128,1
63,1
99,1
134,1
133,1
12,1
93,1
6,1
6,1
103,1
115,1
138,1
128,1
114,1
96,1
84,1
49,1
115,1
8,1
118,1
51,1
128,1
133,1
107,1
82,1
2,1
73,1
39,1
59,1
5,1
114,1
17,1
4,1
136,1
20,1
47,1
29,1
35,1
43,1
43,1
30,1
25,1
143,1
87,1
101,1
83,1
143,1
96,1
68,1
149,1
102,1
137,1
106,1
117,1
56,1
30,1
72,1
47,1
111,1
117,1
115,1
31,1
39,1
34,1
47,1
135,1
5,1
57,1
87,1
94,1
49,1
55,1
26,1
91,1
8,1
142,1
97,1
15,1
62,1
37,1
126,1
77,1
6,1
18,1
87,1
56,1
109,1
92,1
30,1
69,1
133,1
25,1
23,1
84,1
35,1
46,1
130,1
81,1
115,1
12,1
33,1
42,1
2,1
53,1
79,1
16,1
78,1
127,1
29,1
66,1
8,1
68,1
80,1
46,1
29,1
29,1
35,1
99,1
33,1
72,1
124,1
57,1
5,1
133,1
90,1
83,1
124,1
11,1
42,1
115,1
25,1
120,1
39,1
11,1
17,1
82,1
132,1
84,1
78,1
111,1
9,1
5,1
106,1
48,1
143,1
29,1
26,1
50,1
17,1
139,1
42,1
90,1
47,1
137,1
133,1
47,1
70,1
8,1
45,1
127,1
53,1
19,1
45,1
121,1
113,1
142,1
29,1
51,1
127,1
31,1
8,1
135,1
135,1
150,1
85,1
117,1
128,1
100,1
82,1
4,1
39,1
16,1
56,1
1,1
60,1
127,1
134,1
31,1
19,1
129,1
133,1
93,1
65,1
106,1
94,1
102,1
55,1
3,1
125,1
15,1
47,1
9,1
47,1
94,1
136,1
47,1
31,1
16,1
35,1
99,1
14,1
18,1
97,1
16,1
150,1
88,1
107,1
99,1
77,1
47,1
97,1
47,1
53,1
109,1
14,1
117,1
47,1
115,1
57,1
53,1
56,1
75,1
111,1
35,1
89,1
20,1
36,1
148,1
67,1
57,1
133,1
38,1
127,1
127,1
47,1
47,1
106,1
149,1
126,1
76,1
44,1
3,1
91,1
132,1
47,1
49,1
92,1
115,1
1,1
76,1
64,1
88,1
98,1
78,1
45,1
69,1
50,1
13,1
47,1
92,1
82,1
55,1
123,1
88,1
127,1
148,1
129,1
40,1
55,1
50,1
37,1
17,1
100,1
128,1
114,1
108,1
151,1
32,1
43,1
61,1
47,1
12,1
129,1
134,1
140,1
47,1
75,1
1,1
47,1
45,1
48,1
116,1
130,1
47,1
6,1
127,1
53,1
70,1
146,1
141,1
25,1
87,1
134,1
90,1
50,1
142,1
73,1
2,1
16,1
47,1
85,1
114,1
134,1
53,1
68,1
47,1
67,1
47,1
50,1
124,1
115,1
51,1
10,1
102,1
20,1
73,1
21,1
148,1
78,1
132,1
39,1
142,1
150,1
104,1
70,1
124,1
88,1
123,1
91,1
47,1
21,1
7,1
31,1
138,1
32,1
148,1
49,1
12,1
79,1
61,1
120,1
107,1
122,1
147,1
128,1
24,1
48,1
60,1
71,1
3,1
36,1
42,1
122,1
101,1
53,1
26,1
71,1
8,1
52,1
118,1
128,1
63,1
14,1
17,1
102,1
57,1
88,1
145,1
129,1
148,1
131,1
72,1
47,1
36,1
46,1
10,1
47,1
25,1
44,1
48,1
88,1
113,1
6,1
46,1
65,1
73,1
137,1
50,1
113,1
1,1
85,1
114,1
45,1
38,1
13,1
131,1
45,1
47,1
105,1
150,1
82,1
128,1
32,1
134,1
85,1
9,1
57,1
6,1
117,1
120,1
63,1
97,1
32,1
118,1
113,1
128,1
142,1
47,1
100,1
86,1
36,1
89,1
82,1
130,1
133,1
149,1
41,1
74,1
47,1
130,1
47,1
37,1
88,1
79,1
24,1
93,1
21,1
99,1
111,1
134,1
121,1
134,1
23,1
86,1
17,1
47,1
126,1
50,1
134,1
18,1
25,1
36,1
128,1
47,1
124,1
143,1
47,1
38,1
42,1
108,1
117,1
143,1
133,1
43,1
83,1
91,1
149,1
112,1
147,1
140,1
47,1
93,1
135,1
30,1
121,1
71,1
57,1
42,1
62,1
127,1
70,1
120,1
94,1
152,1
125,1
20,1
110,1
146,1
52,1
117,1
56,1
136,1
51,1
147,1
33,1
44,1
47,1
34,1
47,1
122,1
143,1
64,1
7,1
73,1
3,1
47,1
7,1
93,1
70,1
65,1
146,1
122,1
53,1
59,1
128,1
70,1
19,1
122,1
94,1
109,1
25,1
6,1
79,1
4,1
75,1
13,1
0,1
61,1
143,1
59,1
107,1
0,1
44,1
120,1
8,1
32,1
35,1
151,1
12,1
120,1
83,1
39,1
109,1
51,1
72,1
43,1
140,1
50,1
86,1
53,1
117,1
88,1
28,1
47,1
84,1
44,1
104,1
153,1
123,1
48,1
113,1
6,1
55,1
23,1
47,1
117,1
4,1
111,1
63,1
6,1
136,1
33,1
132,1
126,1
2,1
66,1
121,1
149,1
71,1
94,1
109,1
24,1
111,1
38,1
53,1
4,1
150,1
24,1
5,1
47,1
69,1
20,1
3,1
133,1
106,1
34,1
53,1
143,1
150,1
95,1
7,1
3,1
121,1
86,1
46,1
65,1
119,1
87,1
54,1
150,1
25,1
47,1
78,1
117,1
143,1
46,1
86,1
118,1
7,1
47,1
134,1
150,1
43,1
76,1
37,1
103,1
93,1
118,1
16,1
23,1
47,1
108,1
148,1
58,1
100,1
9,1
15,1
16,1
73,1
27,1
112,1
122,1
122,1
43,1
8,1
111,1
75,1
42,1
28,1
139,1
146,1
144,1
47,1
39,1
133,1
145,1
30,1
53,1
41,1
24,1
59,1
117,1
46,1
100,1
142,1
118,1
109,1
60,1
148,1
32,1
47,1
68,1
127,1
41,1
45,1
116,1
57,1
56,1
57,1
123,1
117,1
113,1
77,1
134,1
101,1
57,1
52,1
32,1
120,1
127,1
43,1
82,1
101,1
131,1
133,1
43,1
104,1
42,1
64,1
103,1
33,1
133,1
132,1
129,1
47,1
68,1
47,1
120,1
100,1
80,1
43,1
16,1
99,1
133,1
12,1
136,1
15,1
66,1
131,1
136,1
33,1
18,1
20,1
32,1
128,1
13,1
98,1
26,1
74,1
64,1
9,1
7,1
58,1
4,1
124,1
109,1
29,1
46,1
100,1
19,1
54,1
71,1
66,1
47,1
47,1
78,1
128,1
57,1
59,1
42,1
27,1
107,1
143,1
30,1
136,1
47,1
128,1
54,1
149,1
49,1
134,1
54,1
62,1
96,1
131,1
74,1
28,1
37,1
97,1
82,1
83,1
27,1
12,1
114,1
81,1
21,1
16,1
107,1
82,1
128,1
140,1
122,1
12,1
47,1
37,1
13,1
139,1
50,1
5,1
104,1
64,1
16,1
125,1
129,1
57,1
35,1
98,1
11,1
129,1
87,1
8,1
111,1
8,1
149,1
84,1
86,1
114,1
111,1
30,1
108,1
21,1
99,1
50,1
71,1
113,1
115,1
107,1
19,1
30,1
75,1
133,1
113,1
46,1
121,1
16,1
115,1
29,1
94,1
88,1
83,1
137,1
127,1
12,1
100,1
135,1
18,1
88,1
110,1
126,1
141,1
59,1
57,1
17,1
142,1
131,1
90,1
47,1
26,1
85,1
5,1
31,1
74,1
44,1
124,1
150,1
85,1
36,1
88,1
75,1
118,1
20,1
45,1
88,1
87,1
128,1
112,1
127,1
3,1
134,1
88,1
37,1
153,1
46,1
128,1
52,1
29,1
107,1
57,1
120,1
64,1
42,1
85,1
26,1
79,1
15,1
52,1
135,1
47,1
76,1
151,1
57,1
57,1
7,1
60,1
71,1
67,1
136,1
54,1
47,1
62,1
42,1
103,1
140,1
48,1
96,1
94,1
0,1
33,1
47,1
154,1
33,1
47,1
12,1
48,1
70,1
9,1
37,1
54,1
18,1
23,1
8,1
103,1
44,1
102,1
50,1
140,1
143,1
113,1
52,1
133,1
78,1
127,1
23,1
79,1
97,1
78,1
135,1
2,1
34,1
43,1
88,1
138,1
42,1
69,1
22,1
44,1
47,1
151,1
47,1
127,1
87,1
15,1
130,1
122,1
107,1
82,1
136,1
34,1
50,1
101,1
74,1
47,1
108,1
106,1
78,1
57,1
130,1
4,1
93,1
48,1
71,1
45,1
18,1
37,1
135,1
75,1
0,1
14,1
46,1
92,1
94,1
142,1
40,1
97,1
19,1
59,1
95,1
40,1
136,1
47,1
51,1
47,1
72,1
120,1
146,1
0,1
143,1
55,1
81,1
11,1
93,1
77,1
47,1
56,1
143,1
100,1
8,1
154,1
28,1
5,1
100,1
114,1
47,1
46,1
136,1
99,1
83,1
89,1
120,1
6,1
67,1
127,1
85,1
126,1
148,1
57,1
72,1
14,1
126,1
119,1
33,1
131,1
98,1
47,1
63,1
102,1
126,1
7,1
34,1
87,1
32,1
119,1
90,1
31,1
87,1
9,1
47,1
147,1
86,1
70,1
69,1
31,1
8,1
149,1
47,1
57,1
142,1
154,1
12,1
2,1
0,1
108,1
87,1
125,1
137,1
63,1
43,1
39,1
35,1
105,1
143,1
87,1
111,1
86,1
117,1
143,1
131,1
80,1
88,1
0,1
112,1
47,1
63,1
141,1
81,1
97,1
141,1
15,1
50,1
147,1
19,1
84,1
151,1
127,1
79,1
114,1
114,1
6,1
75,1
26,1
142,1
82,1
19,1
118,1
98,1
41,1
68,1
39,1
148,1
61,1
42,1
143,1
142,1
154,1
93,1
140,1
50,1
79,1
38,1
4,1
81,1
75,1
9,1
80,1
50,1
111,1
47,1
127,1
31,1
12,1
2,1
30,1
91,1
128,1
122,1
95,1
35,1
79,1
9,1
54,1
20,1
82,1
47,1
39,1
32,1
9,1
7,1
59,1
65,1
59,1
133,1
7,1
43,1
122,1
45,1
16,1
79,1
50,1
152,1
36,1
126,1
122,1
12,1
118,1
47,1
85,1
144,1
41,1
36,1
2,1
47,1
57,1
35,1
8,1
12,1
51,1
70,1
138,1
132,1
148,1
46,1
52,1
76,1
47,1
10,1
101,1
90,1
60,1
149,1
125,1
141,1
68,1
121,1
6,1
78,1
22,1
6,1
12,1
91,1
124,1
92,1
40,1
24,1
47,1
116,1
80,1
62,1
89,1
119,1
23,1
20,1
150,1
30,1
43,1
57,1
129,1
2,1
90,1
128,1
59,1
40,1
30,1
44,1
48,1
59,1
102,1
88,1
84,1
46,1
30,1
96,1
128,1
128,1
45,1
119,1
24,1
61,1
86,1
119,1
69,1
33,1
139,1
130,1
100,1
43,1
26,1
130,1
126,1
81,1
14,1
102,1
44,1
33,1
47,1
58,1
38,1
126,1
17,1
32,1
21,1
28,1
113,1
13,1
87,1
47,1
115,1
154,1
53,1
56,1
34,1
135,1
30,1
24,1
23,1
118,1
49,1
32,1
133,1
3,1
126,1
128,1
99,1
121,1
86,1
68,1
85,1
69,1
73,1
28,1
86,1
141,1
12,1
27,1
129,1
90,1
46,1
27,1
7,1
88,1
70,1
5,1
3,1
2,1
136,1
103,1
122,1
18,1
1,1
47,1
122,1
76,1
130,1
99,1
37,1
122,1
112,1
117,1
47,1
129,1
52,1
134,1
78,1
45,1
84,1
64,1
9,1
135,1
118,1
2,1
148,1
49,1
11,1
36,1
34,1
110,1
57,1
127,1
147,1
68,1
29,1
80,1
132,1
121,1
92,1
19,1
133,1
32,1
92,1
5,1
88,1
37,1
55,1
18,1
69,1
57,1
24,1
140,1
63,1
23,1
120,1
142,1
126,1
136,1
141,1
121,1
31,1
0,1
144,1
50,1
128,1
57,1
104,1
72,1
42,1
3,1
118,1
120,1
128,1
30,1
110,1
132,1
96,1
144,1
146,1
32,1
14,1
0,1
147,1
104,1
47,1
142,1
71,1
128,1
33,1
121,1
131,1
46,1
142,1
110,1
48,1
67,1
73,1
84,1
72,1
56,1
35,1
38,1
86,1
126,1
48,1
100,1
136,1
29,1
31,1
35,1
117,1
35,1
50,1
128,1
47,1
99,1
13,1
31,1
45,1
29,1
49,1
70,1
136,1
88,1
140,1
55,1
20,1
53,1
47,1
132,1
59,1
149,1
120,1
0,1
44,1
141,1
25,1
37,1
53,1
50,1
30,1
47,1
141,1
151,1
111,1
67,1
60,1
118,1
92,1
68,1
111,1
64,1
30,1
81,1
127,1
59,1
126,1
128,1
35,1
47,1
31,1
88,1
102,1
47,1
0,1
11,1
46,1
128,1
65,1
55,1
64,1
22,1
23,1
124,1
137,1
136,1
7,1
8,1
115,1
68,1
125,1
55,1
136,1
145,1
128,1
19,1
129,1
30,1
6,1
86,1
7,1
138,1
51,1
44,1
99,1
8,1
138,1
57,1
122,1
30,1
19,1
82,1
101,1
44,1
45,1
45,1
67,1
59,1
70,1
49,1
123,1
110,1
41,1
5,1
2,1
141,1
100,1
15,1
47,1
75,1
60,1
21,1
126,1
36,1
121,1
47,1
6,1
56,1
1,1
136,1
58,1
47,1
44,1
113,1
39,1
27,1
107,1
71,1
102,1
59,1
65,1
96,1
47,1
110,1
72,1
44,1
6,1
3,1
20,1
122,1
40,1
46,1
114,1
154,1
97,1
31,1
66,1
26,1
54,1
85,1
75,1
130,1
129,1
99,1
34,1
56,1
97,1
57,1
61,1
1,1
44,1
128,1
108,1
128,1
38,1
116,1
15,1
30,1
133,1
103,1
44,1
31,1
106,1
113,1
30,1
127,1
23,1
40,1
46,1
47,1
29,1
129,1
136,1
88,1
69,1
104,1
90,1
137,1
132,1
47,1
47,1
137,1
88,1
44,1
97,1
34,1
26,1
101,1
130,1
5,1
23,1
36,1
58,1
97,1
93,1
136,1
135,1
29,1
61,1
120,1
13,1
78,1
0,1
59,1
124,1
87,1
105,1
107,1
17,1
67,1
107,1
66,1
47,1
128,1
84,1
136,1
129,1
117,1
38,1
94,1
59,1
114,1
8,1
117,1
122,1
107,1
57,1
53,1
19,1
148,1
52,1
122,1
3,1
112,1
70,1
110,1
129,1
47,1
28,1
111,1
20,1
82,1
32,1
75,1
29,1
85,1
115,1
32,1
93,1
72,1
49,1
139,1
57,1
136,1
136,1
135,1
149,1
88,1
32,1
9,1
81,1
127,1
132,1
49,1
123,1
82,1
47,1
47,1
66,1
133,1
22,1
42,1
2,1
65,1
52,1
19,1
76,1
107,1
139,1
43,1
75,1
47,1
137,1
137,1
117,1
150,1
83,1
77,1
42,1
43,1
3,1
29,1
132,1
39,1
47,1
133,1
30,1
133,1
67,1
99,1
125,1
121,1
98,1
141,1
102,1
31,1
10,1
68,1
31,1
35,1
142,1
23,1
102,1
0,1
126,1
12,1
20,1
50,1
35,1
55,1
128,1
8,1
144,1
98,1
103,1
37,1
139,1
8,1
99,1
128,1
34,1
86,1
106,1
3,1
125,1
65,1
3,1
148,1
13,1
13,1
116,1
100,1
136,1
25,1
29,1
13,1
47,1
66,1
137,1
87,1
127,1
9,1
85,1
136,1
97,1
142,1
88,1
32,1
115,1
137,1
72,1
121,1
117,1
50,1
87,1
45,1
72,1
56,1
82,1
100,1
117,1
37,1
134,1
124,1
50,1
25,1
16,1
22,1
47,1
41,1
120,1
69,1
35,1
60,1
129,1
23,1
46,1
50,1
3,1
85,1
127,1
40,1
115,1
56,1
103,1
69,1
144,1
8,1
11,1
92,1
131,1
117,1
148,1
43,1
62,1
54,1
41,1
66,1
88,1
29,1
99,1
134,1
136,1
128,1
88,1
142,1
45,1
66,1
118,1
97,1
108,1
77,1
51,1
82,1
69,1
37,1
47,1
128,1
151,1
47,1
133,1
114,1
51,1
72,1
11,1
29,1
49,1
78,1
61,1
125,1
102,1
128,1
94,1
53,1
78,1
36,1
30,1
150,1
127,1
47,1
117,1
69,1
46,1
2,1
33,1
35,1
79,1
11,1
47,1
56,1
130,1
62,1
50,1
24,1
50,1
134,1
7,1
50,1
79,1
18,1
88,1
30,1
25,1
77,1
138,1
101,1
35,1
52,1
51,1
25,1
12,1
66,1
48,1
128,1
127,1
15,1
119,1
85,1
51,1
16,1
65,1
118,1
112,1
47,1
33,1
24,1
71,1
72,1
6,1
92,1
140,1
100,1
131,1
108,1
107,1
62,1
106,1
135,1
149,1
74,1
149,1
127,1
