142,138
113,113
127,127
130,130
11,15
134,133
55,59
134,79
72,105
123,52
36,41
71,71
12,58
123,141
19,37
64,36
17,5
56,56
144,33
134,130
46,20
118,121
119,119
150,68
89,88
28,28
148,135
26,26
61,14
78,87
114,67
20,61
124,122
10,1
89,95
0,0
18,143
16,22
26,100
75,75
13,144
10,28
125,59
123,123
123,66
98,98
17,5
42,49
46,46
126,150
145,142
128,139
104,104
67,56
133,97
123,114
113,65
51,39
6,32
69,17
93,146
54,49
128,138
123,123
146,146
22,150
106,106
10,9
17,5
118,65
150,150
114,114
86,79
73,73
144,13
7,7
14,65
12,12
139,6
47,47
71,71
142,42
28,57
14,144
17,123
100,0
53,149
146,97
110,124
4,4
134,96
146,146
128,45
26,117
14,63
94,59
22,22
68,24
151,151
137,11
136,138
32,57
115,26
41,43
141,116
101,110
84,85
57,145
94,32
149,120
148,148
127,52
148,86
57,8
25,25
128,144
39,117
9,28
29,50
151,154
25,127
140,140
36,37
66,128
129,150
128,136
109,103
69,18
127,46
128,137
88,75
40,43
113,19
100,9
145,65
102,102
124,48
154,129
57,150
44,14
47,104
113,120
87,74
81,76
58,103
57,57
47,34
56,46
62,62
127,124
94,78
90,90
20,60
42,139
126,66
25,25
120,120
17,5
137,27
141,123
127,127
97,62
128,141
137,0
29,4
21,21
129,112
112,112
24,36
33,18
112,112
130,98
92,92
138,34
101,110
11,11
115,115
85,94
116,116
103,109
3,62
69,71
102,102
129,149
97,148
50,137
62,0
126,136
109,109
122,110
85,85
111,73
130,97
5,17
129,129
9,121
54,54
128,72
56,56
151,110
86,87
104,104
45,64
115,115
68,24
42,47
58,14
120,73
126,151
142,143
69,11
74,131
7,7
30,38
29,53
47,47
114,114
47,25
118,31
63,63
63,33
122,70
115,112
134,75
33,18
152,142
115,115
19,37
56,72
34,28
46,9
11,153
29,3
128,5
53,1
70,65
27,64
56,56
138,152
95,95
103,103
89,94
116,18
19,19
136,121
112,112
142,142
33,28
22,72
31,64
122,72
109,109
126,112
77,146
103,6
56,21
32,149
111,48
94,94
113,113
74,98
31,100
150,36
38,40
122,140
77,74
13,13
142,60
60,60
95,95
42,42
112,69
66,66
149,31
127,116
144,138
56,27
116,116
142,66
119,119
12,12
118,118
143,144
131,131
134,95
59,152
113,44
105,105
115,116
82,90
80,83
70,51
99,99
97,35
95,83
41,117
24,115
1,100
87,146
94,130
124,100
73,106
45,62
60,72
87,78
122,54
124,122
94,93
69,16
145,34
108,108
110,55
75,74
36,36
141,141
116,26
21,24
130,98
1,1
77,77
76,86
69,69
58,59
83,83
59,59
95,97
56,32
71,105
8,8
58,58
93,82
144,34
83,90
131,131
115,43
55,110
98,67
53,56
25,141
54,54
126,37
12,5
77,86
115,115
15,61
32,8
88,88
126,126
78,74
54,35
35,149
83,83
107,107
114,114
77,146
77,146
17,0
39,129
132,132
143,114
52,51
71,144
70,2
66,61
6,6
12,147
142,11
110,143
113,113
23,23
21,3
128,70
113,113
127,10
91,80
151,53
67,67
20,141
127,45
128,124
52,52
9,1
81,95
93,93
8,53
135,135
4,21
13,41
76,77
53,141
16,31
94,20
83,148
48,28
17,129
70,145
52,52
71,49
35,145
54,67
71,111
58,38
100,44
31,37
74,96
76,76
90,90
111,111
147,147
119,119
9,9
102,102
11,108
141,121
128,58
133,97
151,45
122,101
36,20
22,22
114,106
134,135
27,32
72,72
46,138
64,24
141,151
32,32
50,4
7,107
128,71
58,59
23,52
124,128
149,50
68,116
150,70
122,142
128,11
118,118
4,54
17,12
15,34
128,99
93,33
110,110
137,61
88,88
138,70
122,46
123,41
61,139
151,53
68,68
116,35
128,57
25,57
128,20
37,31
7,23
118,64
70,30
32,32
27,0
81,97
77,95
13,145
1,144
72,39
134,75
24,62
17,121
45,36
26,38
56,15
48,28
112,112
60,60
97,92
134,135
122,151
35,12
126,126
128,150
102,33
51,49
41,118
140,59
135,135
25,25
122,127
142,46
82,90
20,3
121,37
139,154
23,22
48,42
95,132
117,21
13,24
4,121
120,113
2,2
134,135
116,115
126,149
128,40
2,30
17,109
79,81
12,12
32,100
115,115
2,19
8,39
58,58
142,151
116,100
44,33
136,36
134,91
88,88
89,76
55,110
3,63
86,131
22,22
142,11
138,69
48,28
50,29
70,41
53,41
83,148
98,93
126,123
88,148
124,20
151,101
149,140
142,111
29,127
30,109
48,125
61,42
98,90
95,95
62,35
89,94
123,123
11,149
137,101
22,22
99,99
128,138
90,91
92,92
56,32
28,9
75,88
61,61
1,27
36,36
128,46
64,66
61,33
88,90
114,109
150,70
7,49
79,79
84,88
80,80
70,115
102,102
68,39
56,37
142,142
115,26
8,36
44,44
128,123
121,125
29,45
96,96
144,145
140,42
142,0
69,121
113,113
64,140
75,130
67,67
91,91
52,56
10,48
134,94
100,100
18,48
55,110
134,134
29,29
23,27
97,1
28,10
124,11
142,114
50,4
4,43
23,51
145,67
53,151
9,32
12,12
46,105
7,64
104,104
79,79
97,95
24,38
7,31
57,139
135,87
109,127
133,146
126,141
127,127
144,111
68,63
128,69
138,103
48,10
66,128
13,13
62,138
14,14
108,55
142,121
12,33
92,135
128,7
4,63
149,152
30,143
142,13
129,126
27,0
133,85
80,96
63,144
133,26
60,124
149,15
54,54
94,132
134,76
137,71
137,73
140,149
16,54
84,92
61,20
134,81
142,113
6,68
149,116
82,98
122,112
68,52
128,4
131,146
33,73
139,108
105,105
34,34
28,145
69,18
10,28
75,81
11,11
57,100
113,19
50,51
89,94
22,10
14,16
128,129
55,39
16,50
83,83
126,143
29,147
131,93
142,38
73,106
133,133
69,58
142,54
111,7
32,56
96,96
6,123
128,137
91,97
83,80
69,37
88,86
25,45
22,108
28,28
70,154
1,1
34,35
19,27
97,6
89,85
96,96
8,41
46,141
14,33
123,29
6,11
89,118
134,93
33,48
142,45
49,6
35,67
151,53
17,59
93,93
90,90
4,4
23,3
13,18
151,137
134,96
88,88
1,4
102,21
119,119
75,75
118,59
109,35
122,71
141,51
104,104
59,23
50,52
35,39
145,129
70,108
59,117
142,142
2,37
10,25
126,14
111,111
32,25
41,31
53,71
132,81
48,28
126,128
29,50
6,103
43,24
118,118
132,130
133,133
54,48
6,6
102,152
97,79
1,48
60,7
89,75
97,97
23,35
122,121
49,51
92,92
134,84
23,59
23,22
114,113
68,68
49,4
124,28
142,58
52,66
99,105
142,57
75,85
133,4
64,126
144,144
144,59
62,113
6,127
46,64
112,106
92,92
28,68
132,132
106,106
139,139
34,45
7,109
117,149
78,76
30,108
58,109
88,149
13,40
89,89
122,100
109,103
128,126
75,89
113,101
72,72
77,77
18,110
33,63
66,66
128,115
45,0
114,114
129,102
85,88
143,101
82,131
139,139
129,11
29,71
142,20
122,124
55,110
122,124
6,52
106,119
20,66
8,42
148,80
9,9
123,9
103,103
143,118
144,144
94,94
126,137
74,134
111,25
146,146
54,35
88,88
58,105
32,32
128,41
46,20
66,61
127,127
36,62
34,15
94,79
128,48
7,10
110,110
6,54
135,74
76,76
58,58
128,30
115,115
120,120
132,132
134,146
116,61
33,42
10,10
95,95
133,134
128,126
32,26
20,60
93,93
75,89
137,151
23,20
55,55
79,90
12,12
89,89
124,47
25,9
151,137
10,10
76,80
149,21
33,15
31,40
139,47
126,44
36,153
37,70
16,16
122,103
54,29
149,13
111,111
104,99
142,52
23,152
101,71
73,109
16,2
53,20
141,29
61,60
102,59
133,89
127,9
76,76
144,29
10,44
12,17
128,136
52,63
60,22
128,46
15,40
16,117
96,96
109,109
37,117
126,154
137,137
129,73
126,9
7,139
148,95
83,83
69,66
88,146
77,95
11,11
60,60
77,81
128,71
130,81
46,126
75,87
23,23
37,30
72,23
24,31
13,13
122,30
78,74
71,151
58,109
42,29
63,145
136,122
68,30
47,47
75,75
28,10
126,73
133,133
128,141
119,99
32,12
100,9
23,23
108,108
86,87
20,20
58,100
123,106
97,96
94,94
80,80
34,145
89,80
48,55
101,106
93,76
91,91
53,151
107,107
23,102
123,123
102,140
94,94
88,88
46,26
133,80
101,143
1,45
75,75
12,10
78,77
24,30
105,113
102,15
89,87
10,53
17,145
61,20
142,46
116,115
143,44
116,115
143,143
14,65
7,121
48,57
36,36
128,72
74,74
66,66
15,101
109,58
128,128
6,122
32,32
108,108
124,103
22,22
114,101
24,0
112,112
49,22
111,110
58,58
93,131
6,11
124,54
10,8
117,105
126,3
119,119
25,125
86,86
142,62
34,24
92,82
30,2
36,41
55,110
143,65
126,47
146,146
30,62
128,152
2,39
11,11
68,36
15,139
47,102
48,0
45,46
40,38
21,23
128,129
142,116
71,29
84,85
126,17
124,150
128,68
122,36
127,28
17,21
127,127
105,129
29,10
48,115
69,21
142,24
77,94
58,103
138,42
46,46
50,3
142,2
133,122
139,66
128,109
149,149
24,70
7,69
6,152
43,40
13,13
142,144
124,105
29,52
83,83
139,54
19,19
73,55
6,60
95,95
126,26
127,113
142,152
97,22
54,4
7,17
121,38
101,11
24,45
151,151
76,148
54,54
124,137
59,23
29,49
129,129
65,3
94,84
124,153
91,98
16,65
36,62
119,119
47,18
2,5
51,49
69,109
142,68
42,14
33,18
12,105
99,99
137,136
123,54
46,68
145,110
22,100
115,68
30,104
135,135
146,77
72,72
126,150
30,30
29,62
117,58
140,23
106,101
67,125
37,31
17,5
96,96
28,28
20,22
46,53
24,125
54,49
128,49
80,93
114,143
120,105
143,138
117,117
54,99
89,94
74,74
17,17
24,41
69,21
28,28
47,47
17,17
23,103
10,60
23,38
127,46
107,107
21,16
7,4
74,77
133,12
78,74
75,85
100,33
12,145
135,135
94,94
48,71
112,1
68,62
68,71
50,121
94,147
129,113
46,29
142,105
35,35
111,111
128,127
11,129
36,36
47,12
122,138
0,34
16,125
141,1
25,154
28,25
90,86
150,150
96,82
59,59
65,136
130,78
25,32
85,94
2,11
0,38
73,73
123,149
98,132
136,126
105,15
128,106
29,29
74,96
28,9
23,23
69,65
123,32
32,57
44,18
128,126
28,17
1,154
101,101
92,148
66,152
126,122
24,41
37,27
75,78
128,105
92,92
8,100
89,75
48,16
114,106
47,68
1,5
6,6
124,60
85,84
54,62
16,16
52,4
30,151
55,110
133,133
100,100
18,57
124,154
133,148
120,56
42,42
39,64
83,83
142,22
79,86
39,39
133,133
32,32
11,16
133,120
85,85
61,105
77,81
133,98
29,71
13,27
46,57
82,82
128,137
146,74
139,43
122,152
29,50
25,103
129,129
7,147
67,50
91,91
45,45
42,42
2,36
102,72
134,131
142,53
101,52
128,4
91,91
13,13
32,57
47,3
18,19
13,18
94,96
78,132
9,9
82,80
109,109
81,130
115,44
142,142
141,138
42,8
49,51
60,36
142,153
144,144
46,141
82,86
17,5
96,80
139,145
144,34
97,89
52,111
137,137
122,142
34,13
28,28
108,108
71,138
72,69
44,9
95,148
142,123
134,134
149,113
6,16
118,118
116,116
128,56
131,78
23,107
11,11
143,21
58,58
17,140
44,44
110,55
4,52
66,152
60,3
147,147
22,59
128,53
7,140
37,37
115,99
6,66
89,89
29,29
14,14
34,34
128,34
122,11
134,95
44,1
58,58
120,113
68,71
79,94
8,104
130,131
17,42
34,33
97,11
103,103
122,6
70,109
121,39
122,34
139,105
69,141
77,77
130,132
14,145
97,31
128,142
31,2
23,22
42,34
10,9
38,72
115,115
37,19
23,153
108,70
82,82
137,138
129,21
27,41
150,18
22,59
59,59
94,135
72,72
28,144
70,24
39,26
73,143
78,93
93,91
56,108
21,21
133,135
19,31
144,40
53,35
127,127
29,32
133,116
123,53
21,21
125,5
115,115
37,31
99,120
128,136
32,32
36,125
126,121
123,152
24,24
10,8
89,74
43,36
9,100
148,148
126,61
108,112
143,143
98,83
75,85
95,95
54,52
23,121
123,4
25,10
141,19
21,43
128,141
17,149
131,78
61,112
138,109
47,8
81,81
19,19
1,0
106,106
137,137
75,88
146,146
23,32
60,60
23,32
124,21
46,40
128,137
90,133
139,18
47,47
18,67
6,6
21,21
137,50
85,85
67,16
55,55
14,14
29,29
81,80
107,107
142,106
127,25
72,10
68,32
69,108
122,22
21,5
115,115
128,124
82,82
134,75
2,62
43,38
46,9
10,33
102,154
66,22
76,84
111,111
8,8
21,56
128,53
26,39
66,142
122,102
83,83
128,71
65,141
143,31
130,87
142,104
124,43
90,90
78,77
128,0
1,1
33,104
143,104
68,25
128,137
65,41
139,10
105,105
142,139
142,118
89,79
134,134
52,49
10,9
82,85
14,32
57,10
142,6
28,48
85,89
88,88
82,90
9,145
47,71
100,129
128,122
134,133
12,12
85,93
17,39
137,5
146,77
114,114
2,15
98,98
3,32
55,55
62,30
126,48
124,53
128,49
30,3
135,130
138,138
66,66
47,70
30,30
128,151
12,34
152,152
74,75
125,56
37,2
134,85
96,82
98,98
128,141
50,49
128,34
27,52
12,11
107,107
53,9
134,89
48,59
71,121
134,132
29,64
122,151
46,46
144,13
128,121
29,25
36,68
27,27
99,73
46,11
70,65
3,24
24,24
69,69
17,109
134,134
104,99
74,91
150,47
133,80
128,15
30,27
4,4
126,126
124,24
94,134
25,150
139,28
85,84
7,14
8,52
130,84
143,11
46,46
7,7
95,76
139,25
68,68
88,85
36,44
134,82
133,133
2,27
49,69
79,148
116,117
23,57
58,58
83,86
66,24
88,124
129,129
142,68
63,34
76,76
65,15
49,50
19,26
128,136
58,58
142,33
50,6
132,94
124,50
100,21
91,95
128,105
77,98
61,113
103,47
79,79
88,88
10,145
123,72
150,72
95,86
112,112
104,73
67,63
81,79
107,103
7,60
13,35
92,96
39,70
128,22
119,119
123,27
79,79
124,49
75,97
148,74
133,148
128,15
116,41
91,146
23,17
51,3
126,23
123,124
126,70
49,49
94,145
95,86
122,122
119,120
122,29
138,26
142,42
123,2
46,46
92,92
111,55
128,136
105,107
104,104
103,0
79,79
85,97
12,11
117,117
91,91
134,130
50,51
111,111
141,137
97,134
127,5
133,108
150,5
142,0
71,149
142,29
105,73
72,70
68,40
141,6
126,126
54,20
54,33
12,12
66,63
119,119
99,99
128,151
108,15
123,28
87,87
142,125
4,4
19,19
6,58
128,56
75,85
104,104
75,85
4,4
133,89
40,40
128,111
81,81
115,120
104,99
59,46
114,106
48,48
14,14
142,118
122,123
137,122
149,56
34,35
70,67
139,32
21,109
9,10
79,135
126,126
60,60
109,22
93,93
30,70
56,31
128,127
110,31
89,7
27,4
100,99
45,34
105,55
69,69
142,145
134,76
126,58
98,97
20,20
37,41
125,124
37,39
34,6
144,144
133,133
120,120
88,75
140,140
131,131
105,99
4,107
102,102
92,89
115,115
82,90
85,85
128,29
114,114
53,54
150,24
35,55
9,16
26,69
46,21
68,108
50,50
70,62
33,33
64,68
151,52
91,91
126,126
142,142
150,50
34,34
66,153
148,148
72,23
99,20
9,10
94,68
46,57
144,38
128,68
97,81
134,94
108,72
109,56
103,58
101,101
127,10
107,107
122,101
28,1
103,103
119,73
72,72
98,98
142,70
96,80
46,12
31,31
111,72
118,118
25,47
12,11
145,2
112,139
85,85
45,64
115,40
142,124
18,70
119,119
91,98
53,4
57,33
2,65
18,139
54,12
14,14
120,120
38,38
146,78
128,117
12,12
142,114
17,140
133,137
139,58
150,66
27,27
71,51
72,33
15,28
54,54
124,127
126,62
87,93
4,126
122,3
122,140
80,80
6,6
10,50
89,83
133,91
124,38
63,3
68,36
42,48
138,109
115,39
70,39
82,84
56,57
23,70
29,142
112,112
62,62
43,40
67,23
141,127
142,126
138,138
139,45
68,115
71,150
33,143
13,147
40,40
122,30
16,16
9,3
89,86
134,84
128,72
18,18
68,71
17,26
50,50
100,150
1,45
38,38
142,116
142,63
2,32
122,122
61,22
22,22
139,34
20,22
151,137
133,133
150,25
11,12
128,73
44,44
124,124
96,96
130,76
128,0
140,16
12,153
23,3
6,6
119,119
66,22
142,71
54,55
74,74
24,34
106,19
68,62
61,61
142,33
17,149
128,40
72,150
97,81
38,116
75,75
10,48
85,75
148,82
52,138
56,109
116,129
11,11
128,37
23,69
130,77
144,40
149,126
18,39
16,5
80,80
1,27
94,94
110,110
94,77
53,4
29,63
69,38
83,80
77,77
55,55
109,35
