114,1
79,1
37,1
43,1
77,1
120,1
20,1
136,1
84,1
128,1
132,1
47,1
130,1
11,1
86,1
64,1
111,1
134,1
46,1
137,1
138,1
128,1
1,1
47,1
17,1
108,1
18,1
33,1
78,1
89,1
52,1
146,1
90,1
120,1
28,1
36,1
116,1
134,1
36,1
145,1
45,1
11,1
34,1
83,1
122,1
19,1
97,1
14,1
73,1
13,1
17,1
114,1
30,1
1,1
82,1
13,1
134,1
3,1
110,1
35,1
149,1
90,1
42,1
47,1
111,1
99,1
50,1
53,1
133,1
111,1
83,1
39,1
118,1
24,1
148,1
153,1
8,1
76,1
60,1
99,1
128,1
124,1
52,1
111,1
140,1
58,1
7,1
5,1
7,1
81,1
100,1
22,1
88,1
140,1
9,1
114,1
133,1
87,1
128,1
32,1
36,1
134,1
65,1
56,1
19,1
128,1
128,1
17,1
137,1
5,1
59,1
122,1
7,1
118,1
99,1
35,1
128,1
23,1
86,1
31,1
113,1
92,1
41,1
101,1
6,1
22,1
122,1
20,1
41,1
25,1
74,1
128,1
124,1
14,1
17,1
77,1
145,1
128,1
119,1
25,1
81,1
12,1
36,1
7,1
33,1
145,1
137,1
14,1
56,1
140,1
60,1
110,1
52,1
97,1
21,1
106,1
122,1
77,1
134,1
20,1
90,1
146,1
25,1
42,1
29,1
148,1
36,1
122,1
14,1
128,1
124,1
74,1
28,1
137,1
1,1
25,1
19,1
104,1
67,1
99,1
128,1
134,1
23,1
87,1
69,1
7,1
80,1
37,1
26,1
46,1
128,1
72,1
82,1
127,1
19,1
108,1
89,1
59,1
109,1
137,1
19,1
124,1
26,1
22,1
100,1
26,1
120,1
133,1
127,1
151,1
23,1
121,1
29,1
138,1
85,1
8,1
1,1
122,1
125,1
4,1
10,1
118,1
101,1
1,1
79,1
32,1
88,1
120,1
30,1
133,1
33,1
95,1
41,1
101,1
53,1
151,1
105,1
45,1
144,1
89,1
88,1
7,1
2,1
12,1
107,1
47,1
60,1
140,1
131,1
128,1
19,1
47,1
134,1
24,1
12,1
6,1
13,1
33,1
56,1
130,1
1,1
25,1
70,1
102,1
124,1
41,1
117,1
144,1
40,1
10,1
116,1
113,1
117,1
141,1
16,1
77,1
23,1
30,1
47,1
114,1
50,1
8,1
128,1
151,1
9,1
111,1
14,1
29,1
21,1
98,1
47,1
88,1
40,1
143,1
101,1
150,1
134,1
26,1
137,1
17,1
129,1
134,1
75,1
118,1
65,1
96,1
4,1
101,1
81,1
142,1
8,1
106,1
3,1
85,1
139,1
12,1
81,1
22,1
83,1
27,1
2,1
54,1
133,1
54,1
88,1
8,1
149,1
123,1
62,1
95,1
99,1
77,1
118,1
108,1
14,1
88,1
42,1
84,1
90,1
124,1
23,1
30,1
95,1
79,1
36,1
145,1
124,1
61,1
30,1
63,1
6,1
114,1
112,1
24,1
118,1
7,1
137,1
53,1
47,1
9,1
58,1
101,1
18,1
46,1
137,1
128,1
34,1
124,1
31,1
24,1
55,1
5,1
59,1
96,1
15,1
91,1
124,1
36,1
154,1
147,1
53,1
18,1
14,1
102,1
57,1
132,1
124,1
102,1
45,1
21,1
57,1
77,1
111,1
84,1
133,1
100,1
142,1
144,1
86,1
47,1
72,1
128,1
19,1
5,1
21,1
128,1
56,1
98,1
0,1
122,1
131,1
22,1
57,1
127,1
4,1
47,1
29,1
11,1
130,1
123,1
100,1
75,1
11,1
124,1
45,1
47,1
88,1
21,1
96,1
40,1
3,1
71,1
154,1
102,1
73,1
14,1
34,1
70,1
13,1
36,1
6,1
124,1
67,1
56,1
75,1
97,1
123,1
146,1
128,1
137,1
69,1
57,1
134,1
140,1
124,1
21,1
54,1
80,1
46,1
122,1
137,1
122,1
122,1
0,1
34,1
139,1
149,1
137,1
61,1
30,1
133,1
28,1
36,1
94,1
8,1
124,1
67,1
6,1
33,1
36,1
110,1
1,1
35,1
128,1
47,1
58,1
65,1
30,1
133,1
51,1
32,1
140,1
106,1
16,1
139,1
85,1
150,1
128,1
149,1
58,1
109,1
122,1
122,1
30,1
12,1
97,1
25,1
4,1
128,1
133,1
142,1
140,1
16,1
149,1
120,1
53,1
81,1
129,1
17,1
111,1
44,1
128,1
36,1
53,1
27,1
95,1
112,1
31,1
31,1
66,1
102,1
35,1
126,1
36,1
63,1
67,1
36,1
25,1
6,1
150,1
139,1
124,1
100,1
4,1
134,1
82,1
14,1
119,1
62,1
8,1
128,1
31,1
118,1
23,1
67,1
93,1
122,1
96,1
125,1
125,1
59,1
83,1
21,1
22,1
143,1
124,1
4,1
95,1
31,1
153,1
74,1
82,1
2,1
145,1
75,1
128,1
33,1
145,1
52,1
102,1
133,1
5,1
39,1
3,1
86,1
50,1
75,1
34,1
123,1
97,1
22,1
103,1
48,1
76,1
76,1
128,1
108,1
62,1
49,1
59,1
124,1
59,1
129,1
1,1
124,1
51,1
50,1
99,1
99,1
126,1
59,1
53,1
54,1
23,1
118,1
44,1
133,1
151,1
47,1
5,1
145,1
120,1
14,1
114,1
9,1
50,1
90,1
50,1
84,1
66,1
53,1
9,1
122,1
57,1
128,1
58,1
50,1
132,1
2,1
1,1
14,1
47,1
51,1
132,1
128,1
90,1
8,1
122,1
102,1
133,1
115,1
122,1
47,1
32,1
43,1
124,1
79,1
35,1
87,1
63,1
125,1
128,1
4,1
29,1
116,1
124,1
6,1
36,1
17,1
36,1
56,1
1,1
36,1
79,1
68,1
122,1
151,1
120,1
105,1
47,1
54,1
108,1
116,1
1,1
5,1
14,1
124,1
53,1
72,1
124,1
143,1
128,1
128,1
128,1
39,1
122,1
80,1
106,1
124,1
143,1
47,1
54,1
36,1
53,1
79,1
132,1
47,1
8,1
123,1
35,1
19,1
77,1
48,1
14,1
127,1
71,1
120,1
36,1
50,1
122,1
65,1
100,1
106,1
59,1
60,1
122,1
50,1
6,1
118,1
0,1
26,1
30,1
22,1
118,1
124,1
124,1
141,1
142,1
128,1
144,1
37,1
20,1
95,1
128,1
133,1
125,1
149,1
40,1
128,1
47,1
9,1
30,1
128,1
31,1
120,1
132,1
94,1
7,1
124,1
98,1
12,1
133,1
91,1
47,1
29,1
20,1
72,1
13,1
6,1
146,1
128,1
47,1
19,1
128,1
135,1
40,1
98,1
113,1
64,1
144,1
51,1
96,1
7,1
124,1
33,1
133,1
55,1
91,1
0,1
143,1
31,1
100,1
14,1
47,1
29,1
120,1
46,1
23,1
63,1
139,1
119,1
25,1
114,1
57,1
17,1
86,1
151,1
104,1
54,1
6,1
36,1
105,1
24,1
133,1
110,1
86,1
60,1
92,1
124,1
128,1
57,1
53,1
58,1
137,1
89,1
134,1
21,1
29,1
67,1
23,1
14,1
134,1
95,1
88,1
106,1
128,1
100,1
8,1
8,1
8,1
87,1
128,1
36,1
79,1
47,1
74,1
125,1
24,1
36,1
1,1
5,1
46,1
74,1
32,1
111,1
122,1
105,1
111,1
122,1
128,1
62,1
128,1
101,1
38,1
112,1
133,1
33,1
35,1
45,1
135,1
128,1
47,1
14,1
89,1
115,1
11,1
128,1
21,1
60,1
31,1
15,1
69,1
62,1
69,1
127,1
122,1
133,1
67,1
128,1
124,1
14,1
110,1
1,1
132,1
35,1
11,1
111,1
47,1
46,1
0,1
118,1
105,1
35,1
22,1
46,1
128,1
9,1
93,1
148,1
115,1
0,1
71,1
102,1
73,1
139,1
75,1
107,1
45,1
12,1
6,1
101,1
137,1
90,1
57,1
111,1
79,1
61,1
109,1
2,1
20,1
82,1
128,1
99,1
73,1
32,1
115,1
75,1
128,1
64,1
75,1
107,1
67,1
11,1
93,1
145,1
84,1
140,1
41,1
11,1
118,1
131,1
54,1
73,1
66,1
81,1
15,1
15,1
79,1
23,1
17,1
110,1
133,1
15,1
138,1
36,1
16,1
56,1
98,1
79,1
12,1
39,1
116,1
136,1
108,1
148,1
78,1
105,1
113,1
58,1
134,1
119,1
128,1
115,1
114,1
40,1
82,1
54,1
14,1
30,1
89,1
130,1
61,1
34,1
72,1
111,1
113,1
122,1
104,1
141,1
111,1
105,1
67,1
74,1
32,1
58,1
128,1
97,1
128,1
56,1
76,1
31,1
74,1
61,1
146,1
150,1
29,1
77,1
33,1
1,1
122,1
93,1
131,1
14,1
45,1
23,1
121,1
32,1
128,1
47,1
25,1
7,1
90,1
33,1
128,1
47,1
53,1
79,1
36,1
46,1
26,1
24,1
74,1
5,1
47,1
14,1
67,1
48,1
138,1
88,1
27,1
14,1
33,1
35,1
47,1
113,1
8,1
149,1
29,1
117,1
142,1
128,1
105,1
140,1
0,1
6,1
128,1
117,1
139,1
64,1
122,1
91,1
10,1
58,1
45,1
128,1
73,1
114,1
99,1
141,1
105,1
38,1
10,1
79,1
7,1
15,1
36,1
16,1
30,1
31,1
34,1
5,1
111,1
36,1
148,1
129,1
24,1
39,1
24,1
91,1
101,1
35,1
122,1
123,1
50,1
117,1
5,1
14,1
47,1
146,1
131,1
75,1
140,1
142,1
140,1
66,1
142,1
134,1
126,1
85,1
21,1
89,1
120,1
103,1
30,1
5,1
66,1
128,1
58,1
16,1
71,1
111,1
126,1
72,1
93,1
58,1
56,1
84,1
136,1
50,1
20,1
124,1
53,1
79,1
47,1
100,1
97,1
47,1
59,1
59,1
50,1
90,1
16,1
140,1
122,1
128,1
112,1
124,1
18,1
94,1
134,1
133,1
128,1
12,1
124,1
133,1
128,1
139,1
19,1
6,1
118,1
85,1
146,1
134,1
139,1
82,1
128,1
89,1
133,1
23,1
124,1
141,1
146,1
137,1
124,1
147,1
143,1
87,1
128,1
67,1
45,1
4,1
134,1
47,1
23,1
139,1
105,1
16,1
25,1
26,1
100,1
29,1
53,1
129,1
128,1
61,1
97,1
135,1
134,1
35,1
24,1
88,1
105,1
14,1
70,1
94,1
69,1
67,1
138,1
14,1
50,1
24,1
124,1
24,1
68,1
95,1
105,1
58,1
128,1
5,1
140,1
16,1
129,1
56,1
119,1
6,1
10,1
78,1
106,1
30,1
137,1
60,1
128,1
128,1
108,1
7,1
148,1
148,1
2,1
9,1
69,1
47,1
42,1
133,1
51,1
142,1
128,1
71,1
90,1
47,1
25,1
127,1
76,1
119,1
139,1
34,1
52,1
112,1
74,1
82,1
47,1
47,1
128,1
40,1
149,1
149,1
102,1
35,1
26,1
99,1
122,1
7,1
30,1
2,1
47,1
131,1
47,1
97,1
66,1
50,1
54,1
10,1
69,1
122,1
112,1
136,1
85,1
145,1
92,1
40,1
85,1
112,1
104,1
98,1
50,1
47,1
89,1
5,1
20,1
15,1
123,1
14,1
77,1
86,1
129,1
143,1
146,1
140,1
85,1
47,1
117,1
150,1
124,1
133,1
105,1
18,1
36,1
138,1
54,1
47,1
123,1
67,1
114,1
43,1
149,1
79,1
114,1
117,1
6,1
31,1
14,1
24,1
124,1
99,1
106,1
60,1
50,1
47,1
128,1
32,1
47,1
52,1
142,1
7,1
132,1
6,1
32,1
118,1
118,1
130,1
79,1
13,1
4,1
111,1
7,1
140,1
77,1
76,1
97,1
60,1
50,1
74,1
149,1
47,1
10,1
139,1
109,1
49,1
137,1
16,1
54,1
103,1
101,1
77,1
106,1
15,1
21,1
135,1
31,1
72,1
14,1
40,1
85,1
14,1
59,1
89,1
14,1
58,1
108,1
11,1
128,1
45,1
144,1
103,1
85,1
40,1
28,1
122,1
32,1
71,1
139,1
72,1
76,1
79,1
128,1
54,1
11,1
94,1
3,1
133,1
110,1
111,1
89,1
99,1
76,1
121,1
39,1
63,1
107,1
133,1
31,1
36,1
89,1
146,1
20,1
124,1
122,1
114,1
123,1
54,1
84,1
91,1
60,1
84,1
50,1
128,1
26,1
14,1
4,1
32,1
144,1
5,1
128,1
146,1
133,1
70,1
133,1
93,1
99,1
67,1
25,1
19,1
135,1
101,1
6,1
50,1
28,1
134,1
54,1
81,1
74,1
95,1
50,1
7,1
35,1
5,1
117,1
27,1
36,1
107,1
136,1
59,1
89,1
110,1
129,1
47,1
118,1
128,1
89,1
0,1
71,1
19,1
115,1
19,1
71,1
27,1
149,1
87,1
50,1
47,1
19,1
104,1
49,1
79,1
99,1
92,1
91,1
128,1
122,1
134,1
118,1
134,1
128,1
10,1
139,1
89,1
119,1
109,1
103,1
128,1
101,1
133,1
6,1
99,1
122,1
47,1
111,1
67,1
42,1
151,1
75,1
95,1
81,1
14,1
143,1
71,1
12,1
122,1
142,1
12,1
130,1
104,1
145,1
13,1
67,1
82,1
13,1
35,1
47,1
50,1
109,1
38,1
128,1
42,1
44,1
147,1
3,1
14,1
44,1
79,1
47,1
148,1
67,1
7,1
47,1
17,1
142,1
33,1
81,1
28,1
40,1
78,1
19,1
151,1
60,1
36,1
12,1
126,1
57,1
102,1
77,1
33,1
54,1
108,1
25,1
127,1
4,1
77,1
133,1
102,1
120,1
32,1
129,1
97,1
42,1
115,1
53,1
28,1
17,1
124,1
51,1
93,1
62,1
64,1
128,1
128,1
9,1
115,1
128,1
124,1
50,1
126,1
127,1
77,1
30,1
88,1
28,1
128,1
19,1
89,1
128,1
14,1
73,1
60,1
102,1
133,1
47,1
23,1
84,1
36,1
124,1
136,1
108,1
115,1
133,1
119,1
98,1
146,1
121,1
97,1
112,1
124,1
95,1
23,1
23,1
99,1
39,1
45,1
111,1
62,1
52,1
22,1
34,1
61,1
56,1
115,1
142,1
72,1
70,1
73,1
101,1
99,1
124,1
122,1
104,1
60,1
21,1
21,1
124,1
112,1
20,1
84,1
59,1
133,1
106,1
111,1
149,1
91,1
28,1
103,1
89,1
22,1
43,1
138,1
92,1
141,1
133,1
65,1
50,1
1,1
123,1
11,1
27,1
31,1
120,1
36,1
65,1
138,1
90,1
104,1
127,1
89,1
29,1
123,1
32,1
76,1
140,1
68,1
146,1
19,1
85,1
140,1
66,1
128,1
111,1
60,1
9,1
19,1
19,1
153,1
110,1
99,1
142,1
93,1
102,1
111,1
56,1
25,1
120,1
70,1
45,1
31,1
122,1
11,1
67,1
97,1
50,1
86,1
136,1
44,1
124,1
38,1
14,1
14,1
90,1
95,1
128,1
47,1
139,1
130,1
31,1
95,1
7,1
150,1
44,1
33,1
133,1
82,1
15,1
6,1
13,1
8,1
111,1
53,1
47,1
63,1
143,1
54,1
129,1
98,1
62,1
133,1
144,1
118,1
100,1
36,1
67,1
35,1
87,1
7,1
17,1
37,1
72,1
19,1
55,1
93,1
46,1
16,1
151,1
2,1
18,1
124,1
76,1
122,1
32,1
128,1
5,1
120,1
102,1
114,1
47,1
6,1
128,1
133,1
40,1
137,1
62,1
50,1
145,1
10,1
128,1
95,1
26,1
54,1
103,1
30,1
45,1
128,1
120,1
91,1
25,1
117,1
47,1
59,1
84,1
128,1
33,1
128,1
134,1
127,1
25,1
124,1
2,1
3,1
47,1
151,1
70,1
48,1
137,1
4,1
71,1
97,1
128,1
134,1
89,1
54,1
36,1
29,1
56,1
81,1
78,1
67,1
14,1
141,1
79,1
134,1
37,1
5,1
102,1
143,1
14,1
126,1
134,1
122,1
130,1
65,1
74,1
112,1
53,1
40,1
18,1
48,1
65,1
122,1
33,1
15,1
115,1
16,1
23,1
52,1
25,1
49,1
88,1
47,1
57,1
1,1
72,1
7,1
52,1
65,1
65,1
45,1
103,1
142,1
39,1
31,1
30,1
83,1
137,1
118,1
104,1
97,1
105,1
62,1
134,1
123,1
85,1
12,1
57,1
115,1
88,1
34,1
128,1
39,1
133,1
79,1
17,1
14,1
120,1
23,1
94,1
30,1
95,1
133,1
23,1
83,1
47,1
86,1
36,1
94,1
117,1
80,1
10,1
31,1
114,1
137,1
50,1
72,1
47,1
83,1
47,1
47,1
57,1
62,1
101,1
53,1
124,1
81,1
0,1
142,1
68,1
96,1
47,1
75,1
61,1
140,1
19,1
69,1
119,1
105,1
6,1
142,1
31,1
34,1
87,1
47,1
91,1
84,1
50,1
11,1
74,1
122,1
151,1
47,1
114,1
21,1
122,1
45,1
89,1
146,1
47,1
87,1
104,1
47,1
61,1
47,1
22,1
35,1
128,1
27,1
60,1
9,1
143,1
150,1
137,1
16,1
71,1
117,1
128,1
25,1
93,1
60,1
119,1
8,1
71,1
60,1
151,1
2,1
134,1
69,1
30,1
46,1
91,1
124,1
99,1
96,1
0,1
67,1
133,1
102,1
122,1
54,1
39,1
21,1
29,1
36,1
24,1
68,1
39,1
77,1
108,1
70,1
66,1
114,1
54,1
57,1
2,1
7,1
30,1
103,1
14,1
117,1
0,1
124,1
88,1
37,1
4,1
1,1
128,1
148,1
31,1
91,1
133,1
136,1
133,1
91,1
110,1
151,1
151,1
14,1
97,1
146,1
115,1
32,1
107,1
134,1
47,1
26,1
47,1
128,1
73,1
75,1
148,1
111,1
87,1
151,1
111,1
117,1
60,1
47,1
133,1
40,1
116,1
104,1
66,1
75,1
94,1
100,1
6,1
35,1
128,1
87,1
109,1
111,1
47,1
5,1
5,1
122,1
77,1
2,1
81,1
40,1
137,1
58,1
115,1
31,1
117,1
30,1
141,1
108,1
113,1
105,1
133,1
125,1
59,1
13,1
35,1
133,1
34,1
130,1
30,1
122,1
79,1
46,1
9,1
128,1
132,1
105,1
20,1
141,1
74,1
118,1
105,1
143,1
111,1
28,1
74,1
6,1
45,1
12,1
124,1
26,1
126,1
26,1
35,1
111,1
35,1
145,1
135,1
104,1
1,1
128,1
22,1
142,1
93,1
116,1
74,1
105,1
27,1
14,1
45,1
46,1
50,1
102,1
81,1
23,1
87,1
16,1
40,1
21,1
143,1
36,1
89,1
11,1
139,1
83,1
143,1
99,1
124,1
87,1
82,1
105,1
21,1
104,1
132,1
142,1
45,1
6,1
119,1
101,1
11,1
102,1
12,1
1,1
50,1
136,1
100,1
50,1
44,1
21,1
99,1
87,1
122,1
13,1
138,1
47,1
100,1
57,1
67,1
130,1
117,1
81,1
101,1
130,1
25,1
26,1
105,1
124,1
71,1
102,1
9,1
7,1
90,1
133,1
127,1
58,1
136,1
117,1
93,1
35,1
115,1
45,1
95,1
11,1
137,1
121,1
93,1
61,1
118,1
128,1
84,1
62,1
142,1
106,1
12,1
25,1
122,1
53,1
15,1
100,1
98,1
64,1
78,1
10,1
30,1
69,1
149,1
32,1
113,1
61,1
110,1
4,1
61,1
103,1
27,1
45,1
7,1
52,1
124,1
6,1
136,1
62,1
117,1
118,1
5,1
33,1
121,1
88,1
6,1
58,1
36,1
117,1
54,1
61,1
151,1
45,1
23,1
1,1
3,1
110,1
47,1
111,1
134,1
151,1
106,1
110,1
75,1
47,1
124,1
25,1
124,1
128,1
95,1
134,1
71,1
2,1
124,1
120,1
95,1
128,1
128,1
47,1
110,1
47,1
123,1
103,1
30,1
144,1
27,1
136,1
32,1
146,1
28,1
118,1
133,1
28,1
106,1
21,1
143,1
141,1
2,1
59,1
86,1
134,1
62,1
23,1
97,1
150,1
9,1
53,1
109,1
62,1
12,1
124,1
7,1
20,1
9,1
28,1
134,1
71,1
92,1
142,1
124,1
149,1
134,1
133,1
12,1
93,1
6,1
14,1
103,1
115,1
136,1
122,1
114,1
130,1
85,1
4,1
107,1
28,1
41,1
151,1
128,1
148,1
107,1
92,1
2,1
73,1
21,1
141,1
50,1
50,1
17,1
128,1
142,1
20,1
128,1
15,1
12,1
38,1
125,1
20,1
20,1
149,1
87,1
101,1
79,1
106,1
79,1
36,1
140,1
102,1
141,1
106,1
117,1
56,1
35,1
61,1
128,1
110,1
117,1
115,1
31,1
115,1
1,1
128,1
96,1
5,1
17,1
74,1
81,1
49,1
55,1
26,1
91,1
57,1
142,1
97,1
31,1
65,1
37,1
57,1
76,1
114,1
18,1
78,1
3,1
109,1
92,1
30,1
111,1
133,1
8,1
103,1
89,1
61,1
122,1
85,1
130,1
115,1
12,1
57,1
42,1
31,1
151,1
79,1
57,1
94,1
124,1
128,1
20,1
102,1
142,1
82,1
6,1
60,1
29,1
145,1
99,1
33,1
60,1
122,1
32,1
30,1
133,1
76,1
76,1
124,1
50,1
8,1
5,1
56,1
120,1
19,1
11,1
17,1
123,1
132,1
84,1
134,1
110,1
9,1
50,1
73,1
150,1
122,1
29,1
99,1
122,1
39,1
73,1
44,1
90,1
128,1
3,1
133,1
40,1
37,1
53,1
24,1
30,1
122,1
19,1
47,1
50,1
113,1
122,1
71,1
51,1
124,1
31,1
136,1
148,1
135,1
150,1
84,1
3,1
138,1
61,1
81,1
4,1
27,1
31,1
21,1
1,1
141,1
111,1
128,1
40,1
139,1
129,1
133,1
93,1
65,1
14,1
92,1
102,1
110,1
25,1
40,1
15,1
128,1
10,1
128,1
85,1
124,1
128,1
31,1
16,1
145,1
99,1
14,1
25,1
134,1
16,1
33,1
88,1
107,1
149,1
146,1
47,1
89,1
46,1
53,1
12,1
14,1
124,1
128,1
62,1
32,1
122,1
21,1
75,1
111,1
35,1
89,1
20,1
124,1
132,1
44,1
140,1
47,1
38,1
123,1
46,1
9,1
70,1
106,1
73,1
137,1
77,1
14,1
30,1
90,1
132,1
47,1
52,1
92,1
5,1
1,1
74,1
60,1
16,1
134,1
78,1
10,1
48,1
4,1
144,1
128,1
92,1
82,1
31,1
122,1
94,1
124,1
133,1
114,1
41,1
56,1
53,1
37,1
5,1
30,1
122,1
114,1
65,1
124,1
9,1
31,1
61,1
128,1
12,1
129,1
134,1
129,1
128,1
75,1
1,1
47,1
45,1
48,1
99,1
130,1
46,1
6,1
128,1
68,1
151,1
146,1
124,1
25,1
77,1
134,1
90,1
50,1
133,1
73,1
2,1
16,1
125,1
84,1
101,1
94,1
3,1
25,1
47,1
65,1
128,1
69,1
123,1
5,1
12,1
10,1
102,1
36,1
137,1
21,1
97,1
134,1
130,1
69,1
47,1
110,1
19,1
70,1
124,1
57,1
127,1
93,1
47,1
20,1
7,1
31,1
138,1
14,1
82,1
52,1
12,1
80,1
61,1
120,1
107,1
53,1
52,1
128,1
40,1
28,1
60,1
151,1
5,1
50,1
56,1
122,1
101,1
7,1
26,1
71,1
32,1
52,1
19,1
128,1
63,1
62,1
5,1
47,1
28,1
88,1
145,1
129,1
131,1
133,1
14,1
47,1
36,1
46,1
9,1
128,1
25,1
45,1
28,1
133,1
17,1
6,1
22,1
124,1
133,1
124,1
50,1
106,1
1,1
131,1
35,1
68,1
24,1
47,1
131,1
35,1
47,1
105,1
8,1
85,1
89,1
32,1
134,1
95,1
53,1
57,1
122,1
117,1
120,1
63,1
146,1
124,1
19,1
113,1
128,1
124,1
47,1
36,1
90,1
124,1
88,1
96,1
36,1
133,1
17,1
31,1
86,1
14,1
130,1
128,1
37,1
133,1
146,1
31,1
131,1
21,1
99,1
68,1
134,1
103,1
134,1
62,1
87,1
5,1
128,1
122,1
6,1
134,1
28,1
25,1
4,1
20,1
128,1
124,1
36,1
47,1
125,1
95,1
47,1
118,1
139,1
133,1
73,1
83,1
130,1
17,1
112,1
32,1
140,1
128,1
93,1
135,1
30,1
121,1
68,1
130,1
42,1
64,1
122,1
69,1
11,1
94,1
85,1
24,1
20,1
111,1
146,1
50,1
117,1
56,1
138,1
35,1
103,1
33,1
4,1
128,1
34,1
47,1
89,1
143,1
6,1
121,1
73,1
115,1
128,1
7,1
93,1
122,1
65,1
85,1
6,1
122,1
109,1
12,1
110,1
129,1
124,1
97,1
109,1
48,1
6,1
79,1
4,1
89,1
15,1
143,1
122,1
143,1
5,1
106,1
0,1
44,1
71,1
8,1
7,1
95,1
136,1
28,1
110,1
135,1
105,1
35,1
52,1
17,1
72,1
140,1
50,1
86,1
53,1
117,1
87,1
28,1
128,1
84,1
44,1
104,1
12,1
124,1
28,1
113,1
6,1
1,1
17,1
128,1
5,1
54,1
111,1
126,1
133,1
137,1
57,1
132,1
136,1
67,1
30,1
65,1
139,1
142,1
134,1
138,1
0,1
111,1
43,1
53,1
84,1
47,1
67,1
5,1
47,1
70,1
124,1
3,1
133,1
106,1
34,1
53,1
116,1
47,1
95,1
7,1
29,1
51,1
86,1
84,1
124,1
119,1
78,1
54,1
35,1
25,1
47,1
78,1
99,1
111,1
51,1
74,1
19,1
7,1
144,1
134,1
142,1
129,1
76,1
37,1
103,1
93,1
5,1
0,1
23,1
47,1
46,1
75,1
58,1
128,1
1,1
124,1
16,1
149,1
125,1
12,1
47,1
122,1
118,1
68,1
110,1
75,1
48,1
46,1
139,1
124,1
16,1
128,1
117,1
133,1
145,1
30,1
53,1
31,1
40,1
66,1
117,1
124,1
23,1
142,1
118,1
124,1
128,1
148,1
17,1
128,1
25,1
6,1
24,1
108,1
117,1
23,1
1,1
44,1
99,1
143,1
113,1
95,1
131,1
101,1
68,1
20,1
21,1
120,1
124,1
67,1
82,1
102,1
85,1
142,1
118,1
104,1
42,1
64,1
103,1
139,1
133,1
132,1
129,1
128,1
70,1
128,1
120,1
103,1
90,1
35,1
2,1
107,1
133,1
11,1
136,1
15,1
66,1
93,1
53,1
33,1
57,1
20,1
12,1
122,1
22,1
98,1
146,1
76,1
141,1
10,1
151,1
58,1
52,1
124,1
109,1
29,1
122,1
32,1
2,1
54,1
71,1
6,1
128,1
128,1
74,1
122,1
102,1
59,1
105,1
36,1
107,1
99,1
62,1
126,1
47,1
46,1
128,1
117,1
6,1
134,1
4,1
124,1
82,1
79,1
90,1
28,1
60,1
98,1
134,1
86,1
27,1
73,1
13,1
96,1
21,1
37,1
107,1
93,1
99,1
66,1
47,1
11,1
128,1
95,1
35,1
11,1
50,1
34,1
104,1
64,1
16,1
0,1
124,1
28,1
42,1
98,1
11,1
19,1
87,1
72,1
111,1
110,1
113,1
95,1
79,1
114,1
143,1
67,1
108,1
20,1
99,1
124,1
124,1
113,1
115,1
113,1
19,1
30,1
75,1
133,1
113,1
109,1
17,1
149,1
115,1
66,1
134,1
47,1
135,1
52,1
59,1
12,1
7,1
135,1
47,1
57,1
100,1
106,1
124,1
20,1
104,1
12,1
88,1
133,1
90,1
33,1
129,1
95,1
5,1
26,1
146,1
42,1
124,1
122,1
95,1
36,1
133,1
134,1
36,1
20,1
45,1
47,1
78,1
142,1
112,1
124,1
20,1
134,1
132,1
31,1
151,1
46,1
138,1
111,1
29,1
107,1
57,1
120,1
68,1
42,1
76,1
26,1
79,1
15,1
51,1
131,1
128,1
88,1
151,1
99,1
102,1
7,1
60,1
6,1
67,1
128,1
124,1
47,1
67,1
42,1
58,1
140,1
48,1
90,1
85,1
0,1
33,1
18,1
69,1
33,1
47,1
12,1
48,1
2,1
1,1
37,1
54,1
47,1
23,1
8,1
103,1
51,1
8,1
50,1
149,1
139,1
69,1
1,1
93,1
78,1
127,1
23,1
79,1
134,1
78,1
79,1
105,1
18,1
102,1
88,1
60,1
42,1
72,1
22,1
44,1
28,1
137,1
128,1
25,1
86,1
0,1
85,1
124,1
107,1
82,1
128,1
24,1
50,1
101,1
131,1
128,1
108,1
106,1
90,1
100,1
132,1
54,1
95,1
100,1
71,1
136,1
18,1
145,1
135,1
81,1
0,1
14,1
46,1
92,1
97,1
109,1
40,1
94,1
64,1
59,1
95,1
27,1
137,1
47,1
51,1
128,1
72,1
107,1
146,1
0,1
133,1
110,1
130,1
11,1
130,1
77,1
128,1
56,1
104,1
62,1
46,1
28,1
28,1
149,1
100,1
114,1
47,1
122,1
133,1
105,1
83,1
89,1
99,1
6,1
62,1
115,1
134,1
103,1
82,1
129,1
72,1
5,1
57,1
119,1
25,1
93,1
85,1
128,1
5,1
118,1
138,1
4,1
40,1
146,1
47,1
119,1
90,1
115,1
93,1
9,1
128,1
126,1
95,1
70,1
27,1
31,1
32,1
59,1
47,1
144,1
142,1
12,1
12,1
70,1
0,1
124,1
78,1
30,1
146,1
63,1
31,1
31,1
118,1
105,1
143,1
95,1
102,1
74,1
41,1
110,1
131,1
90,1
47,1
64,1
112,1
47,1
71,1
122,1
81,1
134,1
141,1
124,1
50,1
151,1
19,1
85,1
151,1
60,1
79,1
146,1
114,1
6,1
75,1
118,1
128,1
146,1
19,1
118,1
98,1
36,1
105,1
122,1
134,1
61,1
150,1
143,1
47,1
150,1
85,1
129,1
71,1
130,1
23,1
124,1
85,1
75,1
9,1
96,1
50,1
110,1
128,1
6,1
2,1
12,1
31,1
20,1
91,1
7,1
47,1
84,1
12,1
79,1
9,1
84,1
66,1
134,1
125,1
39,1
32,1
10,1
20,1
59,1
67,1
58,1
133,1
7,1
5,1
47,1
30,1
16,1
90,1
128,1
152,1
14,1
142,1
128,1
12,1
36,1
128,1
79,1
15,1
100,1
124,1
2,1
128,1
122,1
35,1
127,1
12,1
51,1
70,1
138,1
132,1
146,1
124,1
52,1
76,1
128,1
134,1
101,1
90,1
141,1
149,1
32,1
46,1
26,1
50,1
6,1
131,1
6,1
6,1
15,1
91,1
142,1
91,1
125,1
40,1
14,1
146,1
80,1
71,1
89,1
112,1
23,1
20,1
36,1
30,1
36,1
57,1
124,1
2,1
79,1
122,1
19,1
39,1
133,1
1,1
28,1
54,1
102,1
133,1
85,1
124,1
32,1
96,1
126,1
122,1
100,1
106,1
32,1
20,1
83,1
119,1
60,1
33,1
111,1
130,1
12,1
43,1
26,1
146,1
150,1
81,1
14,1
102,1
44,1
57,1
133,1
58,1
25,1
2,1
17,1
4,1
21,1
47,1
59,1
13,1
95,1
88,1
115,1
38,1
72,1
56,1
15,1
135,1
103,1
125,1
133,1
118,1
4,1
44,1
133,1
115,1
23,1
123,1
110,1
61,1
86,1
67,1
84,1
12,1
73,1
109,1
78,1
122,1
12,1
69,1
19,1
95,1
46,1
3,1
138,1
47,1
70,1
64,1
68,1
65,1
67,1
109,1
128,1
33,1
1,1
47,1
110,1
77,1
130,1
107,1
108,1
14,1
112,1
117,1
47,1
42,1
54,1
92,1
78,1
45,1
84,1
50,1
44,1
135,1
118,1
2,1
95,1
49,1
11,1
124,1
34,1
47,1
32,1
122,1
32,1
14,1
104,1
80,1
130,1
129,1
92,1
31,1
128,1
62,1
92,1
17,1
88,1
124,1
55,1
46,1
107,1
47,1
24,1
149,1
63,1
23,1
149,1
53,1
138,1
122,1
50,1
121,1
31,1
2,1
9,1
29,1
20,1
31,1
104,1
72,1
39,1
3,1
118,1
120,1
128,1
20,1
100,1
132,1
79,1
35,1
132,1
72,1
14,1
64,1
28,1
106,1
47,1
142,1
71,1
124,1
25,1
51,1
93,1
20,1
142,1
110,1
48,1
62,1
99,1
84,1
72,1
56,1
44,1
33,1
98,1
42,1
8,1
69,1
50,1
29,1
31,1
14,1
19,1
1,1
133,1
128,1
128,1
99,1
126,1
31,1
36,1
4,1
51,1
37,1
123,1
88,1
129,1
73,1
50,1
53,1
128,1
78,1
23,1
50,1
110,1
0,1
44,1
124,1
72,1
67,1
122,1
65,1
53,1
57,1
6,1
122,1
124,1
27,1
60,1
36,1
92,1
62,1
111,1
35,1
41,1
89,1
127,1
59,1
126,1
108,1
35,1
128,1
31,1
47,1
102,1
128,1
0,1
11,1
46,1
128,1
22,1
55,1
5,1
23,1
22,1
122,1
54,1
136,1
7,1
8,1
129,1
142,1
72,1
143,1
136,1
144,1
47,1
145,1
1,1
100,1
127,1
79,1
124,1
138,1
149,1
44,1
73,1
8,1
4,1
57,1
124,1
62,1
19,1
81,1
101,1
4,1
43,1
41,1
68,1
103,1
112,1
50,1
128,1
110,1
40,1
6,1
117,1
141,1
33,1
140,1
47,1
133,1
20,1
14,1
150,1
36,1
3,1
128,1
47,1
56,1
1,1
12,1
58,1
128,1
46,1
113,1
39,1
44,1
107,1
68,1
28,1
66,1
65,1
96,1
47,1
110,1
9,1
44,1
35,1
3,1
124,1
122,1
40,1
46,1
114,1
10,1
97,1
64,1
6,1
116,1
54,1
89,1
81,1
130,1
0,1
99,1
144,1
105,1
97,1
28,1
61,1
1,1
44,1
139,1
108,1
151,1
118,1
146,1
15,1
67,1
133,1
103,1
44,1
31,1
106,1
113,1
30,1
46,1
23,1
36,1
127,1
128,1
29,1
35,1
6,1
142,1
140,1
104,1
90,1
133,1
132,1
128,1
128,1
151,1
133,1
44,1
148,1
15,1
67,1
101,1
130,1
17,1
23,1
36,1
58,1
97,1
134,1
122,1
135,1
29,1
150,1
117,1
144,1
146,1
0,1
59,1
128,1
87,1
120,1
101,1
129,1
67,1
107,1
66,1
128,1
124,1
84,1
20,1
136,1
117,1
117,1
134,1
23,1
114,1
8,1
122,1
122,1
107,1
35,1
122,1
16,1
97,1
54,1
122,1
3,1
119,1
37,1
73,1
119,1
128,1
10,1
110,1
20,1
80,1
23,1
89,1
59,1
77,1
115,1
32,1
79,1
108,1
49,1
139,1
23,1
124,1
136,1
135,1
111,1
57,1
35,1
9,1
148,1
46,1
93,1
49,1
122,1
76,1
128,1
47,1
137,1
88,1
59,1
150,1
151,1
65,1
52,1
114,1
76,1
101,1
58,1
31,1
75,1
128,1
123,1
87,1
117,1
59,1
83,1
132,1
42,1
72,1
35,1
29,1
87,1
39,1
128,1
81,1
61,1
133,1
18,1
111,1
1,1
121,1
98,1
124,1
102,1
35,1
25,1
125,1
31,1
8,1
14,1
23,1
18,1
136,1
103,1
12,1
115,1
50,1
35,1
55,1
124,1
8,1
144,1
98,1
103,1
6,1
17,1
8,1
105,1
122,1
35,1
89,1
106,1
151,1
45,1
65,1
3,1
134,1
102,1
13,1
124,1
59,1
137,1
27,1
54,1
15,1
128,1
128,1
6,1
78,1
122,1
9,1
86,1
111,1
134,1
142,1
47,1
32,1
115,1
137,1
40,1
53,1
19,1
121,1
131,1
45,1
72,1
23,1
134,1
100,1
117,1
140,1
134,1
124,1
6,1
48,1
63,1
22,1
128,1
89,1
120,1
45,1
35,1
60,1
149,1
145,1
46,1
124,1
129,1
134,1
5,1
41,1
116,1
56,1
103,1
146,1
15,1
10,1
11,1
92,1
86,1
149,1
133,1
0,1
36,1
20,1
24,1
66,1
133,1
29,1
99,1
88,1
137,1
142,1
47,1
106,1
42,1
146,1
118,1
133,1
30,1
134,1
53,1
97,1
69,1
31,1
47,1
60,1
122,1
128,1
133,1
114,1
51,1
118,1
11,1
116,1
49,1
78,1
22,1
24,1
144,1
151,1
89,1
23,1
130,1
36,1
62,1
150,1
36,1
128,1
115,1
142,1
6,1
31,1
102,1
11,1
130,1
124,1
128,1
56,1
89,1
62,1
50,1
104,1
146,1
97,1
29,1
50,1
79,1
18,1
47,1
30,1
25,1
95,1
52,1
101,1
35,1
125,1
36,1
136,1
84,1
66,1
8,1
128,1
46,1
64,1
101,1
131,1
124,1
16,1
65,1
138,1
127,1
47,1
33,1
24,1
122,1
72,1
12,1
92,1
11,1
23,1
95,1
125,1
107,1
118,1
106,1
148,1
140,1
87,1
115,1
127,1
