138,138
113,113
127,127
95,130
144,15
134,133
59,59
79,79
105,105
133,52
40,41
71,71
58,58
133,141
31,37
36,36
17,5
56,56
102,33
134,130
46,20
45,121
119,119
68,68
88,88
28,28
135,135
39,26
14,14
87,87
55,67
150,61
124,122
1,1
81,95
0,0
143,143
64,22
100,100
75,75
154,144
28,28
59,59
123,123
138,66
98,98
17,5
143,49
46,46
139,150
142,142
1,139
104,104
45,56
97,97
127,114
117,65
31,39
32,32
17,17
69,146
49,49
133,138
123,123
146,146
150,150
106,106
10,9
64,5
62,65
150,150
114,114
82,79
73,73
13,13
7,7
15,65
12,12
6,6
144,47
71,71
1,42
57,57
144,144
3,123
14,0
151,149
95,97
49,124
4,4
97,96
146,146
133,45
117,117
8,63
133,59
22,22
24,24
151,151
137,11
136,138
57,57
115,26
43,43
60,116
110,110
84,85
145,145
133,32
120,120
148,148
1,52
82,86
8,8
48,25
139,144
117,117
28,28
50,50
151,154
25,127
140,140
40,37
6,128
40,150
137,136
118,103
18,18
46,46
126,137
84,75
24,43
19,19
9,9
24,65
102,102
124,48
8,129
57,150
14,14
47,104
120,120
86,74
89,76
109,103
57,57
34,34
46,46
36,62
6,124
85,78
76,90
60,60
48,139
29,66
25,25
120,120
17,5
137,27
29,123
127,127
133,62
128,141
150,0
29,4
21,21
47,112
112,112
125,36
18,18
112,112
130,98
92,92
69,34
110,110
11,11
115,115
88,94
116,116
109,109
45,62
71,71
102,102
149,149
148,148
151,137
0,0
141,136
109,109
124,110
85,85
73,73
97,97
43,17
107,129
16,121
54,54
128,72
56,56
99,110
131,87
104,104
45,64
115,115
24,24
143,47
45,14
73,73
128,151
133,143
11,11
132,131
7,7
121,38
153,53
47,47
114,114
125,25
67,31
63,63
33,33
133,70
43,112
94,75
42,18
142,142
115,115
37,37
72,72
145,28
127,9
32,153
3,3
142,5
1,1
37,65
64,64
56,56
20,152
95,95
103,103
133,94
118,18
19,19
124,121
112,112
142,142
44,28
72,72
64,64
128,72
109,109
42,112
130,146
68,6
21,21
35,149
137,48
94,94
113,113
83,98
21,100
45,36
40,40
66,140
85,74
13,13
11,60
60,60
95,95
42,42
69,69
66,66
144,31
41,116
142,138
27,27
26,116
128,66
119,119
12,12
47,118
142,144
131,131
74,95
89,152
46,44
105,105
115,116
90,90
80,83
18,51
99,99
133,35
131,83
40,117
115,115
32,100
146,146
133,130
128,100
12,106
62,62
119,72
78,78
128,54
122,122
133,93
5,16
28,34
108,108
110,55
74,74
36,36
141,141
115,26
24,24
86,98
1,1
77,77
79,86
69,69
59,59
83,83
59,59
97,97
48,32
100,105
8,8
58,58
133,82
34,34
74,90
131,131
43,43
55,110
145,67
46,56
141,141
54,54
142,37
104,5
77,86
115,115
0,61
8,8
88,88
126,126
131,74
72,35
149,149
83,83
107,107
114,114
130,146
146,146
17,0
143,129
132,132
143,114
126,51
144,144
2,2
61,61
6,6
147,147
11,11
21,143
113,113
23,23
3,3
45,70
113,113
68,10
86,80
53,53
70,67
20,141
11,45
122,124
52,52
35,1
148,95
93,93
53,53
135,135
133,21
16,41
84,77
29,141
2,31
133,20
148,148
28,28
17,129
153,145
71,52
142,49
35,145
141,67
111,111
40,38
44,44
37,37
81,96
74,76
90,90
106,111
147,147
119,119
9,9
33,102
54,108
50,121
133,58
134,97
3,45
128,101
68,20
61,22
106,106
134,135
100,32
72,72
124,138
40,24
137,151
32,32
49,4
133,107
142,71
59,59
51,52
128,128
69,50
115,116
70,70
124,142
142,11
38,118
54,54
139,12
13,34
145,99
125,33
110,110
142,61
84,88
62,70
122,46
137,41
72,139
123,53
68,68
142,35
14,57
57,57
23,20
31,31
133,23
125,64
67,30
32,32
64,0
133,97
130,95
145,145
144,144
39,39
89,75
36,62
3,121
45,36
38,38
16,15
28,28
112,112
20,60
92,92
148,135
151,151
113,12
126,126
133,150
33,33
52,49
43,118
60,59
135,135
10,25
142,127
142,46
90,90
3,3
24,37
0,154
45,22
42,42
132,132
22,21
144,24
50,121
120,113
11,2
135,135
115,115
150,149
128,40
16,30
54,109
148,81
12,12
100,100
115,115
19,19
141,39
58,58
71,151
100,100
125,33
115,36
130,91
88,88
81,76
110,110
63,63
86,131
22,22
125,11
68,69
28,28
29,29
41,41
53,41
81,148
86,93
124,123
86,148
124,20
101,101
42,140
133,111
127,127
102,109
47,125
1,42
90,90
95,95
31,35
89,94
123,123
149,149
142,101
22,22
99,99
145,138
90,91
92,92
32,32
48,9
85,88
61,61
27,27
36,36
122,46
64,66
7,33
148,90
53,109
47,70
4,49
79,79
84,88
80,80
116,115
102,102
70,39
56,37
128,142
26,26
142,36
44,44
142,123
2,125
11,45
80,96
145,145
42,42
124,0
3,121
113,113
64,140
133,130
67,67
91,91
109,56
48,48
94,94
100,100
33,48
110,110
134,134
29,29
27,27
133,1
42,10
44,11
126,114
4,4
145,43
23,51
65,67
151,151
32,32
12,12
126,105
152,64
104,104
87,79
134,95
24,38
147,31
139,139
131,87
46,127
133,146
141,141
127,127
31,111
68,63
151,69
60,103
141,10
128,128
14,13
50,138
13,14
55,55
133,121
8,33
81,135
7,7
128,63
152,152
133,143
133,13
126,126
0,0
82,85
96,96
144,144
133,26
7,124
145,15
54,54
133,132
134,76
71,71
150,73
149,149
6,54
81,92
61,20
133,81
142,113
36,68
119,116
78,98
133,112
53,52
142,4
130,146
18,73
133,108
105,105
34,34
145,145
33,18
28,28
81,81
11,11
100,100
55,19
51,51
89,94
10,10
16,16
139,129
107,39
128,50
80,83
143,143
3,147
93,93
142,38
106,106
133,133
104,58
133,54
6,7
56,56
96,96
3,123
4,137
130,97
85,80
2,37
130,86
25,45
30,108
48,28
56,154
1,1
35,35
43,27
133,6
95,85
96,96
125,41
141,141
33,33
145,29
6,11
133,118
133,93
8,48
142,45
6,6
13,67
53,53
59,59
93,93
90,90
4,4
108,3
34,18
137,137
134,96
88,88
49,4
30,21
119,119
75,75
108,59
35,35
29,71
52,51
104,104
23,23
49,52
59,39
137,129
108,108
117,117
68,142
2,37
25,25
126,14
111,111
48,25
31,31
128,71
89,81
10,28
128,128
4,50
107,103
24,24
118,118
131,130
133,133
45,48
6,6
47,152
85,79
48,48
54,7
97,75
97,97
42,35
141,121
71,51
92,92
134,84
59,59
66,22
5,113
68,68
71,4
123,28
128,58
57,66
99,105
47,57
84,85
133,4
33,126
144,144
65,59
30,113
122,127
127,64
104,106
92,92
142,68
132,132
106,106
144,139
1,45
133,109
115,149
76,76
108,108
103,109
143,149
124,40
89,89
133,100
109,103
126,126
94,89
101,101
72,72
77,77
55,110
33,63
66,66
133,115
125,0
114,114
126,102
88,88
101,101
85,131
139,139
11,11
66,71
65,20
128,124
110,110
122,124
51,52
120,119
66,66
8,42
81,80
45,9
53,9
103,103
143,118
144,144
94,94
123,137
74,134
143,25
146,146
71,35
88,88
105,105
32,32
128,41
20,20
61,61
127,127
47,62
144,15
133,79
65,48
133,10
110,110
54,54
74,74
76,76
58,58
133,30
115,115
120,120
90,132
94,146
49,61
36,42
10,10
95,95
133,134
128,126
26,26
61,60
93,93
134,89
137,151
66,20
55,55
79,90
11,12
94,89
65,47
71,9
137,137
25,10
86,80
32,21
139,15
31,40
47,47
43,44
153,153
70,70
16,16
133,103
153,29
57,13
106,111
104,99
137,52
66,152
71,71
119,109
2,2
128,20
20,29
61,60
59,59
94,89
53,9
76,76
29,29
25,44
35,17
29,136
65,63
22,22
71,46
133,40
107,117
96,96
109,109
19,117
28,154
137,137
55,73
42,9
139,139
95,95
83,83
24,66
81,146
95,95
11,11
60,60
98,81
71,71
79,81
126,126
90,87
23,23
21,30
23,23
31,31
13,13
133,30
78,74
128,151
58,109
36,29
14,145
123,122
30,30
47,47
75,75
44,10
128,73
97,133
141,141
107,99
149,12
25,9
23,23
108,108
77,87
20,20
58,100
64,106
130,96
94,94
80,80
145,145
89,80
128,55
106,106
130,76
91,91
124,151
107,107
121,102
124,123
126,140
94,94
88,88
46,26
133,80
139,143
45,45
75,75
47,10
77,77
38,30
113,113
63,15
95,87
44,53
32,145
20,20
6,46
115,115
141,44
116,115
143,143
1,65
49,121
57,57
64,36
128,72
82,74
66,66
57,101
109,58
128,128
122,122
32,32
108,108
123,103
22,22
55,101
0,0
112,112
54,22
143,110
58,58
131,131
6,11
128,54
48,8
110,105
45,3
119,119
47,125
74,86
11,62
150,24
134,82
2,2
41,41
55,110
126,65
137,47
146,146
68,62
133,152
137,39
11,11
62,36
139,139
102,102
14,0
66,46
26,38
30,23
139,129
133,116
29,29
84,85
139,17
1,150
142,68
127,36
27,28
3,21
127,127
129,129
126,10
133,115
31,21
143,24
89,94
103,103
42,42
46,46
3,3
149,2
133,122
20,66
68,109
17,149
62,70
133,69
32,152
40,40
13,13
144,144
65,105
51,52
83,83
46,54
140,19
2,55
59,60
95,95
133,26
115,113
20,152
133,22
4,4
133,17
25,38
11,11
45,45
151,151
148,148
54,54
122,137
107,23
49,49
129,129
3,3
133,84
142,153
90,98
65,65
62,62
11,119
102,18
128,5
49,49
109,109
71,68
53,14
45,18
105,105
99,99
137,136
123,54
127,68
108,110
100,100
151,68
30,104
135,135
146,77
31,72
47,150
30,30
30,62
70,58
22,23
101,101
125,125
31,31
140,5
82,96
28,28
22,22
123,53
1,125
49,49
133,49
81,93
114,143
99,105
66,138
115,117
45,99
89,94
74,74
17,17
40,41
45,21
23,28
47,47
35,17
103,103
45,60
64,38
46,46
107,107
30,16
7,4
146,77
133,12
120,74
85,85
48,33
35,145
135,135
94,94
133,71
127,1
47,62
68,71
50,121
133,147
113,113
6,29
143,105
35,35
111,111
142,127
42,129
36,36
133,12
138,138
35,34
140,125
1,1
51,154
25,25
86,86
150,150
82,82
59,59
13,136
78,78
32,32
89,94
144,11
45,38
99,73
151,149
32,132
126,126
11,15
122,106
53,29
82,96
9,9
150,23
65,65
133,32
8,57
18,18
142,126
127,17
145,154
101,101
134,148
150,152
122,122
40,41
27,27
132,78
142,105
92,92
25,100
133,75
133,16
106,106
62,68
5,5
6,6
124,60
84,84
128,62
14,16
51,4
3,151
55,110
88,133
100,100
57,57
127,154
133,148
56,56
143,42
0,64
83,83
143,22
146,86
37,39
133,133
32,32
16,16
133,120
84,85
113,105
98,81
133,98
71,71
14,27
124,57
130,82
71,137
146,74
72,43
122,152
50,50
5,103
129,129
16,147
29,50
91,91
44,45
42,42
127,36
47,72
130,131
142,53
128,52
4,4
91,91
13,13
57,57
133,3
16,19
18,18
133,96
132,132
9,9
82,80
109,109
81,130
44,44
142,142
138,138
10,8
71,51
125,36
142,153
144,144
141,141
148,86
140,5
80,80
126,145
144,34
89,89
71,111
137,137
133,142
34,13
28,28
108,108
138,138
69,69
9,9
148,148
122,123
134,134
113,113
65,16
118,118
115,116
122,56
131,78
107,107
11,11
150,21
103,58
5,140
44,44
55,55
4,52
66,152
3,3
147,147
59,59
128,53
57,140
2,37
42,99
66,66
89,89
29,29
14,14
34,34
128,34
11,11
133,95
1,1
58,58
120,113
68,71
84,94
104,104
130,131
42,42
102,33
133,11
103,103
133,6
118,109
151,39
62,34
128,105
11,141
77,77
132,132
14,145
133,31
142,142
2,2
22,22
139,34
52,9
127,72
115,115
2,19
14,153
150,70
82,82
137,138
23,21
38,41
18,18
59,59
59,59
133,135
72,72
8,144
38,24
26,26
143,143
93,93
95,91
108,108
21,21
133,135
31,31
125,40
35,35
127,127
11,32
133,116
133,53
21,21
5,5
41,115
31,31
109,120
128,136
54,32
125,125
122,121
133,152
70,24
10,8
89,74
64,36
100,100
148,148
60,61
112,112
143,143
135,83
90,85
95,95
54,52
121,121
133,4
10,10
11,19
41,43
141,141
149,149
131,78
115,112
109,109
10,8
81,81
19,19
0,0
106,106
2,137
90,88
146,146
32,32
61,60
42,32
52,21
127,40
100,137
146,133
23,18
47,47
67,67
46,6
21,21
123,50
85,85
16,16
55,55
13,14
29,29
81,80
107,107
133,106
10,25
9,10
32,32
108,108
123,22
21,5
115,115
133,124
82,82
134,75
28,62
38,38
9,9
33,33
154,154
22,22
85,84
111,111
8,8
56,56
128,53
39,39
142,142
133,102
83,83
128,71
24,141
151,31
134,87
126,104
128,43
90,90
78,77
75,0
1,1
104,104
73,104
25,25
141,137
64,41
30,10
105,105
142,139
32,118
97,79
134,134
51,49
9,9
84,85
32,32
38,10
6,6
48,48
89,89
148,88
130,90
145,145
34,71
54,129
47,122
95,133
12,12
83,93
61,39
61,5
97,77
114,114
144,15
98,98
32,32
110,55
30,30
48,48
124,53
49,49
3,3
130,130
138,138
66,66
47,70
30,30
128,151
150,34
152,152
85,75
56,56
2,2
133,85
82,82
98,98
128,141
51,49
133,34
51,52
11,11
107,107
10,9
134,89
133,59
11,121
132,132
109,64
122,151
46,46
13,13
137,121
141,25
62,68
27,27
73,73
11,11
62,65
30,24
24,24
69,69
109,109
134,134
99,99
91,91
29,47
133,80
142,15
27,27
4,4
126,126
121,24
82,134
64,150
150,28
84,84
133,14
147,52
84,84
11,11
46,46
7,7
95,76
57,25
68,68
88,85
44,44
81,82
133,133
27,27
52,69
148,148
117,117
57,57
103,58
74,86
16,24
25,124
129,129
105,68
34,34
76,76
15,15
68,50
140,26
133,136
103,58
21,33
54,6
133,94
124,50
109,21
95,95
122,105
98,98
2,113
42,47
79,79
88,88
145,145
142,72
72,72
84,86
112,112
99,73
67,63
94,79
109,103
60,60
25,35
134,96
70,70
133,22
112,119
133,27
79,79
124,49
92,97
74,74
133,148
128,15
38,41
69,146
117,17
3,3
58,23
124,124
137,70
52,49
133,145
86,86
122,122
2,120
54,29
129,26
133,42
133,2
6,46
92,92
111,55
128,136
142,107
104,104
114,0
79,79
131,97
11,11
73,117
91,91
134,130
49,51
111,111
137,137
134,134
64,5
133,108
11,5
133,0
149,149
68,29
11,73
34,70
38,40
141,6
126,126
23,20
10,33
12,12
107,63
119,119
99,99
137,151
0,15
133,28
87,87
125,125
4,4
19,19
71,58
55,56
85,85
104,104
85,85
4,4
89,89
40,40
54,111
95,81
120,120
99,99
128,46
106,106
48,48
14,14
133,118
128,123
71,122
107,56
35,35
67,67
61,32
109,109
10,10
130,135
126,126
60,60
127,22
82,93
62,70
108,31
141,127
117,31
133,7
7,4
99,99
34,34
114,55
69,69
32,145
84,76
126,58
89,97
66,20
43,41
71,124
2,39
140,6
144,144
97,133
120,120
82,75
140,140
131,131
99,99
128,107
102,102
133,89
115,115
82,90
88,85
128,29
114,114
53,54
47,24
55,55
14,16
69,69
33,21
45,108
4,50
64,62
33,33
68,68
51,52
91,91
28,126
142,142
151,50
34,34
22,153
148,148
65,23
60,20
10,10
133,68
127,57
45,38
128,68
85,81
128,94
52,72
30,56
107,58
101,101
127,10
107,107
124,101
45,1
103,103
99,73
72,72
98,98
133,70
80,80
127,12
31,31
55,72
118,118
47,47
11,11
2,2
73,139
84,85
24,64
41,40
122,124
70,70
119,119
131,98
44,4
33,33
133,65
139,139
56,12
14,14
120,120
72,38
78,78
133,117
12,12
126,114
140,140
133,137
112,58
66,66
27,27
28,51
142,33
64,28
54,54
128,127
121,62
95,93
151,126
133,3
133,140
80,80
71,6
13,50
89,83
133,91
128,38
127,3
36,36
44,48
23,109
38,39
69,39
85,84
57,57
127,70
142,142
112,112
62,62
40,40
24,23
127,127
11,126
138,138
45,45
115,115
47,150
143,143
45,147
1,40
23,30
16,16
45,3
97,86
86,84
128,72
18,18
71,71
26,26
50,50
51,150
45,45
38,38
133,116
65,63
127,32
128,122
22,22
22,22
128,34
20,22
137,137
133,133
45,25
12,12
14,73
44,44
123,124
80,96
133,76
128,0
16,16
100,153
21,3
6,6
119,119
61,22
142,71
139,55
130,74
67,34
143,19
68,62
45,61
145,33
17,149
133,40
29,150
81,81
116,116
75,75
48,48
75,75
134,82
142,138
32,109
43,129
11,11
142,37
23,69
130,77
11,40
32,126
27,39
16,5
80,80
27,27
94,94
110,110
133,77
4,4
7,63
118,38
135,80
77,77
55,55
35,35
