114,1
95,1
47,1
43,1
80,1
120,1
29,1
100,1
14,1
128,1
91,1
133,1
146,1
35,1
86,1
30,1
111,1
134,1
127,1
136,1
42,1
133,1
1,1
142,1
5,1
108,1
144,1
111,1
77,1
75,1
50,1
7,1
91,1
113,1
47,1
128,1
115,1
79,1
47,1
145,1
45,1
63,1
24,1
83,1
128,1
68,1
133,1
13,1
126,1
13,1
100,1
114,1
30,1
47,1
148,1
47,1
130,1
3,1
33,1
57,1
149,1
90,1
42,1
133,1
111,1
32,1
29,1
53,1
133,1
16,1
83,1
68,1
64,1
87,1
148,1
57,1
25,1
76,1
60,1
73,1
128,1
127,1
52,1
39,1
140,1
58,1
29,1
16,1
7,1
95,1
7,1
22,1
142,1
113,1
126,1
114,1
142,1
74,1
133,1
32,1
62,1
90,1
15,1
56,1
19,1
128,1
133,1
12,1
137,1
5,1
60,1
127,1
7,1
118,1
110,1
128,1
133,1
31,1
86,1
0,1
113,1
92,1
36,1
154,1
136,1
5,1
128,1
35,1
36,1
45,1
74,1
133,1
29,1
123,1
5,1
90,1
57,1
62,1
119,1
5,1
81,1
41,1
64,1
51,1
55,1
144,1
128,1
14,1
21,1
140,1
20,1
144,1
54,1
89,1
21,1
73,1
128,1
130,1
79,1
5,1
90,1
146,1
27,1
42,1
29,1
148,1
7,1
123,1
14,1
133,1
46,1
90,1
48,1
103,1
62,1
32,1
140,1
104,1
41,1
116,1
123,1
134,1
108,1
74,1
56,1
7,1
81,1
144,1
26,1
127,1
133,1
41,1
82,1
128,1
142,1
108,1
89,1
23,1
109,1
68,1
39,1
127,1
30,1
22,1
69,1
24,1
120,1
142,1
30,1
54,1
63,1
121,1
29,1
17,1
84,1
8,1
144,1
60,1
68,1
50,1
8,1
68,1
101,1
1,1
132,1
57,1
88,1
120,1
30,1
47,1
100,1
78,1
41,1
101,1
123,1
121,1
105,1
24,1
144,1
89,1
142,1
7,1
31,1
145,1
107,1
43,1
23,1
139,1
93,1
133,1
19,1
133,1
95,1
24,1
35,1
130,1
13,1
33,1
56,1
130,1
35,1
25,1
68,1
42,1
46,1
38,1
19,1
144,1
41,1
128,1
116,1
99,1
37,1
141,1
16,1
146,1
50,1
128,1
28,1
114,1
50,1
57,1
123,1
128,1
48,1
110,1
16,1
29,1
21,1
148,1
48,1
142,1
41,1
41,1
101,1
70,1
134,1
0,1
69,1
138,1
116,1
134,1
88,1
72,1
65,1
74,1
49,1
119,1
81,1
70,1
33,1
101,1
21,1
85,1
16,1
150,1
97,1
22,1
83,1
30,1
37,1
54,1
133,1
54,1
85,1
48,1
17,1
123,1
62,1
95,1
104,1
95,1
43,1
108,1
14,1
88,1
42,1
84,1
89,1
56,1
100,1
30,1
95,1
148,1
24,1
111,1
46,1
61,1
17,1
47,1
66,1
114,1
112,1
150,1
118,1
7,1
136,1
71,1
142,1
57,1
30,1
101,1
18,1
6,1
3,1
23,1
14,1
122,1
37,1
36,1
68,1
5,1
59,1
96,1
144,1
91,1
111,1
118,1
8,1
147,1
54,1
13,1
142,1
130,1
32,1
88,1
123,1
144,1
45,1
57,1
57,1
84,1
110,1
95,1
133,1
11,1
142,1
144,1
77,1
133,1
72,1
128,1
19,1
5,1
30,1
133,1
47,1
98,1
0,1
122,1
131,1
22,1
142,1
72,1
122,1
47,1
29,1
47,1
130,1
122,1
45,1
96,1
11,1
122,1
45,1
133,1
142,1
21,1
96,1
40,1
5,1
69,1
153,1
102,1
99,1
145,1
47,1
70,1
13,1
36,1
127,1
9,1
68,1
56,1
85,1
97,1
142,1
78,1
133,1
137,1
69,1
33,1
85,1
17,1
13,1
21,1
47,1
80,1
46,1
126,1
137,1
123,1
16,1
128,1
130,1
33,1
5,1
30,1
61,1
30,1
133,1
48,1
36,1
97,1
57,1
16,1
62,1
6,1
47,1
118,1
110,1
1,1
33,1
133,1
142,1
126,1
65,1
30,1
133,1
4,1
48,1
140,1
31,1
16,1
101,1
146,1
150,1
150,1
73,1
58,1
109,1
46,1
122,1
30,1
59,1
97,1
32,1
4,1
133,1
142,1
142,1
140,1
16,1
11,1
115,1
46,1
85,1
129,1
145,1
111,1
127,1
128,1
64,1
9,1
45,1
130,1
108,1
112,1
31,1
138,1
102,1
35,1
57,1
36,1
63,1
15,1
1,1
30,1
6,1
64,1
100,1
123,1
123,1
71,1
134,1
81,1
14,1
119,1
116,1
48,1
133,1
40,1
111,1
30,1
143,1
130,1
141,1
96,1
47,1
42,1
59,1
83,1
21,1
30,1
114,1
56,1
4,1
130,1
31,1
57,1
74,1
97,1
2,1
57,1
134,1
133,1
33,1
52,1
4,1
8,1
57,1
35,1
100,1
64,1
83,1
60,1
75,1
47,1
123,1
65,1
108,1
103,1
57,1
76,1
76,1
128,1
108,1
144,1
81,1
58,1
127,1
59,1
19,1
1,1
122,1
51,1
29,1
99,1
129,1
126,1
112,1
62,1
54,1
23,1
9,1
8,1
142,1
136,1
47,1
5,1
35,1
120,1
57,1
26,1
47,1
31,1
89,1
49,1
82,1
140,1
53,1
57,1
127,1
57,1
133,1
58,1
121,1
77,1
2,1
1,1
59,1
133,1
128,1
77,1
133,1
79,1
57,1
128,1
72,1
136,1
116,1
0,1
102,1
56,1
43,1
122,1
79,1
17,1
85,1
63,1
150,1
133,1
50,1
29,1
116,1
124,1
100,1
125,1
139,1
13,1
69,1
14,1
13,1
91,1
45,1
124,1
136,1
105,1
105,1
142,1
122,1
72,1
41,1
44,1
64,1
142,1
127,1
12,1
69,1
56,1
105,1
133,1
122,1
133,1
115,1
115,1
91,1
105,1
127,1
143,1
142,1
54,1
5,1
46,1
86,1
146,1
133,1
8,1
142,1
124,1
118,1
77,1
32,1
14,1
6,1
71,1
120,1
68,1
12,1
67,1
62,1
100,1
106,1
59,1
56,1
127,1
36,1
46,1
47,1
125,1
26,1
30,1
22,1
118,1
56,1
33,1
100,1
142,1
133,1
144,1
37,1
20,1
95,1
128,1
64,1
47,1
115,1
36,1
133,1
47,1
9,1
68,1
128,1
118,1
60,1
93,1
134,1
4,1
128,1
83,1
154,1
133,1
74,1
18,1
29,1
61,1
34,1
13,1
21,1
122,1
133,1
133,1
39,1
128,1
148,1
65,1
98,1
113,1
30,1
109,1
51,1
96,1
7,1
17,1
33,1
133,1
12,1
91,1
0,1
143,1
31,1
100,1
32,1
142,1
29,1
120,1
32,1
29,1
65,1
139,1
106,1
32,1
114,1
57,1
141,1
90,1
54,1
129,1
55,1
51,1
99,1
105,1
65,1
142,1
56,1
86,1
47,1
92,1
151,1
133,1
47,1
53,1
58,1
137,1
89,1
92,1
21,1
29,1
70,1
23,1
142,1
83,1
81,1
88,1
106,1
14,1
100,1
8,1
28,1
8,1
78,1
133,1
64,1
76,1
133,1
74,1
13,1
60,1
0,1
33,1
16,1
46,1
74,1
127,1
111,1
142,1
99,1
110,1
127,1
145,1
68,1
133,1
112,1
27,1
112,1
133,1
33,1
47,1
47,1
86,1
133,1
57,1
16,1
85,1
140,1
111,1
133,1
21,1
60,1
31,1
70,1
21,1
62,1
69,1
127,1
46,1
133,1
47,1
128,1
128,1
142,1
110,1
1,1
90,1
130,1
11,1
142,1
133,1
127,1
0,1
124,1
105,1
145,1
130,1
57,1
133,1
48,1
93,1
82,1
19,1
0,1
65,1
57,1
73,1
145,1
75,1
109,1
62,1
150,1
60,1
101,1
137,1
90,1
35,1
114,1
79,1
61,1
109,1
37,1
64,1
89,1
133,1
142,1
99,1
32,1
115,1
83,1
133,1
64,1
75,1
107,1
27,1
11,1
131,1
145,1
148,1
115,1
31,1
11,1
118,1
95,1
52,1
73,1
21,1
81,1
15,1
150,1
79,1
100,1
43,1
142,1
133,1
2,1
69,1
64,1
2,1
102,1
83,1
98,1
21,1
39,1
122,1
136,1
108,1
98,1
78,1
105,1
113,1
140,1
146,1
119,1
136,1
116,1
119,1
31,1
148,1
0,1
14,1
61,1
6,1
77,1
61,1
150,1
72,1
111,1
17,1
141,1
105,1
128,1
111,1
143,1
64,1
74,1
32,1
27,1
133,1
130,1
142,1
21,1
76,1
31,1
74,1
20,1
47,1
133,1
29,1
77,1
145,1
31,1
66,1
93,1
79,1
35,1
29,1
23,1
121,1
23,1
133,1
35,1
28,1
4,1
90,1
47,1
128,1
133,1
53,1
79,1
37,1
127,1
39,1
38,1
74,1
5,1
133,1
128,1
67,1
41,1
22,1
88,1
2,1
31,1
57,1
31,1
47,1
113,1
8,1
17,1
29,1
31,1
142,1
128,1
118,1
2,1
0,1
6,1
133,1
117,1
139,1
64,1
122,1
90,1
33,1
58,1
62,1
133,1
73,1
106,1
57,1
141,1
105,1
41,1
45,1
79,1
29,1
29,1
38,1
15,1
38,1
31,1
144,1
17,1
110,1
24,1
83,1
19,1
108,1
39,1
30,1
91,1
103,1
57,1
124,1
122,1
50,1
117,1
30,1
14,1
142,1
146,1
131,1
88,1
18,1
47,1
143,1
66,1
71,1
89,1
126,1
89,1
21,1
89,1
120,1
103,1
5,1
17,1
66,1
133,1
58,1
62,1
68,1
110,1
57,1
150,1
95,1
58,1
56,1
85,1
103,1
50,1
22,1
142,1
53,1
95,1
133,1
0,1
133,1
142,1
59,1
30,1
29,1
90,1
14,1
113,1
128,1
133,1
112,1
123,1
18,1
94,1
146,1
146,1
133,1
120,1
127,1
133,1
133,1
17,1
102,1
6,1
118,1
85,1
39,1
134,1
101,1
82,1
7,1
89,1
36,1
9,1
6,1
141,1
97,1
44,1
46,1
147,1
143,1
85,1
133,1
139,1
108,1
4,1
134,1
142,1
29,1
16,1
111,1
16,1
25,1
19,1
32,1
63,1
2,1
105,1
154,1
61,1
97,1
135,1
96,1
14,1
24,1
88,1
105,1
14,1
67,1
94,1
151,1
70,1
62,1
14,1
140,1
24,1
0,1
2,1
62,1
87,1
105,1
137,1
133,1
17,1
17,1
16,1
129,1
67,1
119,1
6,1
57,1
78,1
106,1
30,1
136,1
23,1
133,1
123,1
108,1
7,1
81,1
90,1
2,1
28,1
69,1
142,1
42,1
133,1
100,1
142,1
133,1
71,1
90,1
0,1
32,1
0,1
76,1
112,1
139,1
5,1
54,1
112,1
74,1
90,1
133,1
47,1
128,1
41,1
149,1
17,1
102,1
18,1
39,1
99,1
64,1
7,1
30,1
2,1
47,1
131,1
133,1
97,1
66,1
41,1
124,1
9,1
65,1
122,1
112,1
136,1
88,1
144,1
92,1
34,1
85,1
112,1
104,1
74,1
30,1
133,1
89,1
15,1
11,1
15,1
123,1
28,1
77,1
83,1
109,1
142,1
31,1
113,1
85,1
133,1
117,1
150,1
46,1
133,1
99,1
42,1
23,1
69,1
7,1
133,1
122,1
45,1
114,1
42,1
140,1
74,1
114,1
117,1
6,1
31,1
142,1
24,1
128,1
30,1
106,1
7,1
20,1
112,1
128,1
100,1
67,1
60,1
133,1
7,1
88,1
29,1
63,1
118,1
118,1
130,1
79,1
64,1
4,1
111,1
29,1
126,1
77,1
75,1
97,1
61,1
136,1
82,1
116,1
133,1
127,1
66,1
57,1
49,1
3,1
63,1
4,1
5,1
112,1
77,1
111,1
15,1
23,1
148,1
43,1
72,1
64,1
41,1
146,1
143,1
72,1
89,1
123,1
58,1
146,1
11,1
133,1
145,1
47,1
103,1
85,1
64,1
48,1
127,1
14,1
71,1
140,1
68,1
132,1
93,1
133,1
54,1
47,1
94,1
72,1
142,1
110,1
126,1
90,1
39,1
76,1
63,1
39,1
15,1
116,1
128,1
31,1
47,1
133,1
132,1
150,1
124,1
124,1
114,1
122,1
54,1
88,1
151,1
128,1
56,1
29,1
133,1
72,1
35,1
4,1
103,1
145,1
119,1
133,1
95,1
142,1
70,1
133,1
93,1
129,1
2,1
45,1
129,1
135,1
101,1
6,1
64,1
65,1
134,1
54,1
81,1
14,1
95,1
104,1
7,1
154,1
5,1
37,1
27,1
36,1
107,1
106,1
59,1
89,1
31,1
115,1
133,1
72,1
133,1
88,1
64,1
128,1
143,1
115,1
39,1
136,1
27,1
149,1
90,1
6,1
133,1
56,1
42,1
49,1
79,1
61,1
92,1
91,1
133,1
128,1
97,1
102,1
134,1
128,1
9,1
143,1
152,1
112,1
109,1
103,1
73,1
101,1
133,1
60,1
56,1
142,1
142,1
114,1
64,1
42,1
151,1
88,1
47,1
82,1
14,1
111,1
57,1
12,1
47,1
142,1
35,1
130,1
112,1
13,1
13,1
118,1
83,1
13,1
48,1
133,1
50,1
109,1
117,1
133,1
154,1
44,1
69,1
72,1
13,1
44,1
76,1
142,1
148,1
70,1
7,1
133,1
39,1
28,1
33,1
81,1
48,1
108,1
78,1
19,1
7,1
60,1
47,1
22,1
126,1
46,1
109,1
77,1
68,1
54,1
108,1
32,1
70,1
4,1
85,1
133,1
102,1
120,1
57,1
40,1
89,1
42,1
17,1
48,1
28,1
17,1
56,1
51,1
132,1
62,1
5,1
133,1
133,1
25,1
99,1
128,1
5,1
121,1
17,1
127,1
57,1
30,1
142,1
28,1
133,1
19,1
89,1
133,1
31,1
106,1
152,1
102,1
133,1
133,1
45,1
84,1
36,1
64,1
66,1
108,1
17,1
104,1
119,1
98,1
114,1
63,1
74,1
41,1
128,1
95,1
27,1
23,1
3,1
142,1
45,1
111,1
64,1
52,1
22,1
34,1
61,1
128,1
116,1
133,1
43,1
65,1
73,1
73,1
142,1
127,1
128,1
116,1
29,1
67,1
11,1
141,1
112,1
137,1
32,1
150,1
97,1
107,1
111,1
17,1
95,1
9,1
103,1
133,1
130,1
16,1
103,1
74,1
24,1
133,1
15,1
117,1
17,1
124,1
11,1
15,1
31,1
99,1
36,1
65,1
43,1
90,1
108,1
127,1
90,1
71,1
122,1
128,1
90,1
140,1
108,1
146,1
118,1
84,1
70,1
66,1
133,1
111,1
59,1
1,1
40,1
118,1
145,1
114,1
107,1
65,1
93,1
112,1
111,1
6,1
25,1
120,1
70,1
62,1
31,1
124,1
139,1
116,1
97,1
50,1
86,1
136,1
56,1
9,1
41,1
14,1
145,1
90,1
146,1
133,1
142,1
140,1
130,1
67,1
95,1
60,1
47,1
44,1
57,1
88,1
148,1
15,1
4,1
18,1
57,1
111,1
51,1
7,1
47,1
143,1
54,1
120,1
98,1
136,1
133,1
47,1
128,1
100,1
36,1
70,1
46,1
87,1
7,1
42,1
39,1
43,1
19,1
55,1
131,1
142,1
2,1
68,1
34,1
18,1
20,1
76,1
23,1
42,1
133,1
17,1
145,1
126,1
102,1
133,1
130,1
133,1
133,1
41,1
137,1
57,1
50,1
145,1
47,1
133,1
95,1
41,1
29,1
64,1
30,1
45,1
123,1
120,1
91,1
45,1
59,1
142,1
59,1
85,1
151,1
18,1
128,1
97,1
127,1
8,1
0,1
41,1
21,1
133,1
151,1
37,1
57,1
137,1
6,1
126,1
84,1
128,1
97,1
89,1
4,1
36,1
50,1
72,1
86,1
86,1
68,1
14,1
141,1
98,1
89,1
70,1
17,1
43,1
143,1
14,1
153,1
81,1
12,1
36,1
121,1
74,1
112,1
122,1
37,1
47,1
48,1
17,1
122,1
33,1
15,1
116,1
16,1
57,1
52,1
28,1
50,1
88,1
47,1
48,1
35,1
32,1
7,1
122,1
129,1
65,1
24,1
103,1
142,1
26,1
47,1
30,1
91,1
137,1
72,1
104,1
130,1
105,1
62,1
79,1
5,1
75,1
12,1
33,1
26,1
142,1
125,1
133,1
115,1
88,1
79,1
103,1
110,1
2,1
5,1
89,1
30,1
131,1
47,1
62,1
83,1
133,1
95,1
31,1
85,1
29,1
80,1
27,1
31,1
114,1
71,1
7,1
58,1
14,1
135,1
47,1
142,1
57,1
29,1
101,1
28,1
56,1
81,1
151,1
128,1
68,1
96,1
47,1
88,1
61,1
16,1
19,1
56,1
116,1
105,1
47,1
35,1
40,1
18,1
80,1
48,1
91,1
142,1
29,1
11,1
82,1
121,1
59,1
142,1
114,1
21,1
122,1
44,1
130,1
95,1
133,1
85,1
99,1
47,1
60,1
35,1
109,1
33,1
133,1
64,1
1,1
9,1
73,1
128,1
137,1
15,1
68,1
128,1
128,1
48,1
93,1
127,1
112,1
63,1
57,1
60,1
20,1
64,1
134,1
71,1
3,1
124,1
91,1
46,1
122,1
96,1
18,1
47,1
98,1
102,1
122,1
151,1
39,1
60,1
29,1
57,1
23,1
68,1
26,1
77,1
108,1
125,1
29,1
99,1
6,1
57,1
2,1
7,1
30,1
128,1
13,1
117,1
0,1
69,1
142,1
60,1
49,1
45,1
133,1
95,1
39,1
91,1
88,1
63,1
133,1
91,1
123,1
141,1
126,1
128,1
97,1
116,1
116,1
100,1
113,1
97,1
47,1
26,1
133,1
133,1
73,1
88,1
148,1
70,1
148,1
151,1
57,1
117,1
61,1
47,1
31,1
24,1
99,1
104,1
58,1
75,1
74,1
30,1
127,1
32,1
133,1
148,1
109,1
111,1
32,1
17,1
26,1
12,1
146,1
70,1
85,1
64,1
149,1
58,1
116,1
37,1
116,1
30,1
7,1
104,1
116,1
123,1
133,1
136,1
125,1
101,1
57,1
100,1
0,1
79,1
23,1
46,1
131,1
47,1
46,1
151,1
88,1
105,1
60,1
28,1
86,1
70,1
105,1
111,1
114,1
48,1
86,1
22,1
43,1
12,1
128,1
73,1
126,1
26,1
47,1
101,1
14,1
145,1
135,1
104,1
1,1
133,1
22,1
142,1
90,1
116,1
145,1
105,1
48,1
14,1
68,1
66,1
17,1
102,1
148,1
59,1
100,1
16,1
24,1
21,1
143,1
36,1
85,1
11,1
139,1
148,1
143,1
99,1
39,1
87,1
86,1
105,1
21,1
104,1
132,1
6,1
45,1
0,1
119,1
114,1
11,1
102,1
12,1
1,1
122,1
9,1
100,1
30,1
44,1
1,1
104,1
77,1
31,1
0,1
66,1
142,1
100,1
33,1
108,1
130,1
117,1
81,1
101,1
148,1
24,1
117,1
55,1
128,1
71,1
18,1
48,1
6,1
83,1
47,1
127,1
111,1
136,1
120,1
79,1
145,1
116,1
45,1
95,1
11,1
53,1
3,1
78,1
20,1
108,1
133,1
8,1
38,1
18,1
106,1
139,1
116,1
128,1
142,1
13,1
100,1
86,1
64,1
132,1
48,1
30,1
70,1
33,1
57,1
109,1
61,1
110,1
49,1
61,1
72,1
141,1
125,1
6,1
49,1
142,1
47,1
136,1
29,1
129,1
129,1
5,1
33,1
29,1
129,1
6,1
58,1
62,1
117,1
4,1
35,1
128,1
0,1
58,1
45,1
121,1
15,1
133,1
111,1
133,1
17,1
106,1
143,1
74,1
47,1
103,1
5,1
127,1
128,1
95,1
94,1
68,1
2,1
127,1
120,1
88,1
142,1
133,1
133,1
111,1
133,1
46,1
103,1
5,1
41,1
27,1
66,1
68,1
85,1
27,1
118,1
97,1
57,1
55,1
48,1
143,1
9,1
31,1
59,1
98,1
97,1
62,1
59,1
130,1
150,1
0,1
0,1
109,1
64,1
58,1
46,1
29,1
12,1
1,1
28,1
130,1
71,1
92,1
128,1
45,1
143,1
134,1
133,1
12,1
93,1
6,1
112,1
103,1
149,1
137,1
46,1
114,1
74,1
85,1
4,1
116,1
14,1
64,1
151,1
128,1
148,1
107,1
92,1
2,1
114,1
72,1
152,1
41,1
29,1
17,1
128,1
136,1
20,1
133,1
67,1
154,1
43,1
43,1
20,1
127,1
143,1
78,1
101,1
83,1
114,1
130,1
38,1
129,1
108,1
141,1
106,1
117,1
56,1
116,1
5,1
133,1
111,1
117,1
116,1
31,1
39,1
34,1
133,1
96,1
17,1
149,1
74,1
81,1
49,1
55,1
26,1
91,1
8,1
122,1
97,1
112,1
62,1
37,1
100,1
86,1
136,1
18,1
78,1
56,1
109,1
130,1
30,1
56,1
133,1
28,1
103,1
88,1
145,1
46,1
89,1
82,1
116,1
12,1
33,1
42,1
31,1
53,1
79,1
11,1
146,1
44,1
71,1
20,1
28,1
68,1
96,1
46,1
128,1
71,1
35,1
99,1
33,1
4,1
128,1
57,1
5,1
133,1
90,1
83,1
97,1
12,1
42,1
115,1
25,1
120,1
39,1
11,1
17,1
133,1
131,1
84,1
89,1
114,1
10,1
57,1
106,1
48,1
29,1
29,1
26,1
13,1
118,1
73,1
2,1
90,1
133,1
53,1
133,1
24,1
2,1
28,1
52,1
100,1
46,1
19,1
142,1
50,1
113,1
128,1
29,1
52,1
97,1
37,1
126,1
79,1
135,1
150,1
146,1
117,1
138,1
152,1
96,1
4,1
27,1
17,1
56,1
1,1
22,1
128,1
134,1
31,1
11,1
129,1
133,1
130,1
65,1
34,1
130,1
102,1
73,1
5,1
64,1
15,1
133,1
25,1
133,1
75,1
141,1
133,1
117,1
1,1
100,1
30,1
14,1
18,1
94,1
16,1
33,1
88,1
107,1
12,1
130,1
133,1
97,1
8,1
53,1
115,1
14,1
43,1
133,1
115,1
57,1
13,1
56,1
75,1
111,1
35,1
89,1
20,1
13,1
146,1
67,1
57,1
133,1
38,1
127,1
128,1
47,1
47,1
113,1
143,1
126,1
95,1
14,1
62,1
91,1
132,1
133,1
50,1
92,1
116,1
1,1
76,1
23,1
29,1
83,1
78,1
102,1
48,1
50,1
144,1
133,1
92,1
82,1
29,1
110,1
89,1
68,1
88,1
129,1
37,1
111,1
60,1
37,1
41,1
109,1
123,1
114,1
70,1
136,1
128,1
31,1
22,1
133,1
145,1
129,1
134,1
140,1
133,1
148,1
1,1
133,1
24,1
48,1
115,1
130,1
122,1
6,1
128,1
72,1
65,1
78,1
123,1
25,1
78,1
134,1
90,1
121,1
48,1
73,1
2,1
16,1
47,1
85,1
111,1
89,1
30,1
68,1
142,1
62,1
133,1
66,1
124,1
115,1
0,1
9,1
102,1
59,1
137,1
21,1
80,1
85,1
132,1
69,1
142,1
142,1
105,1
70,1
124,1
142,1
123,1
130,1
47,1
151,1
7,1
40,1
138,1
32,1
94,1
49,1
12,1
90,1
61,1
120,1
99,1
142,1
57,1
128,1
24,1
48,1
60,1
66,1
5,1
7,1
47,1
51,1
101,1
29,1
26,1
71,1
8,1
63,1
118,1
128,1
63,1
8,1
5,1
102,1
57,1
47,1
145,1
41,1
132,1
88,1
5,1
128,1
62,1
46,1
48,1
133,1
10,1
44,1
48,1
48,1
149,1
141,1
46,1
65,1
142,1
137,1
46,1
113,1
14,1
133,1
29,1
62,1
38,1
13,1
131,1
45,1
142,1
105,1
70,1
90,1
128,1
44,1
133,1
86,1
9,1
57,1
7,1
117,1
120,1
62,1
97,1
47,1
118,1
113,1
137,1
128,1
133,1
38,1
91,1
27,1
88,1
81,1
130,1
133,1
140,1
24,1
80,1
142,1
130,1
133,1
2,1
48,1
130,1
24,1
131,1
21,1
99,1
68,1
134,1
23,1
97,1
23,1
86,1
17,1
133,1
122,1
6,1
94,1
47,1
48,1
23,1
57,1
48,1
128,1
111,1
133,1
38,1
56,1
108,1
117,1
58,1
133,1
116,1
148,1
130,1
32,1
112,1
32,1
115,1
133,1
93,1
135,1
30,1
121,1
68,1
56,1
42,1
62,1
124,1
70,1
31,1
94,1
23,1
62,1
20,1
110,1
130,1
31,1
117,1
56,1
142,1
49,1
57,1
33,1
44,1
133,1
34,1
133,1
133,1
106,1
23,1
66,1
99,1
5,1
133,1
7,1
131,1
122,1
65,1
95,1
128,1
123,1
5,1
128,1
111,1
19,1
122,1
130,1
109,1
48,1
6,1
79,1
4,1
74,1
13,1
143,1
128,1
143,1
30,1
107,1
0,1
42,1
58,1
28,1
7,1
95,1
151,1
57,1
143,1
83,1
111,1
45,1
51,1
100,1
43,1
16,1
121,1
86,1
51,1
117,1
86,1
28,1
133,1
85,1
48,1
112,1
153,1
127,1
48,1
113,1
6,1
55,1
100,1
133,1
149,1
54,1
111,1
60,1
14,1
151,1
33,1
132,1
136,1
20,1
66,1
50,1
139,1
128,1
94,1
103,1
24,1
111,1
68,1
53,1
47,1
142,1
0,1
17,1
133,1
72,1
20,1
21,1
86,1
106,1
144,1
53,1
30,1
47,1
95,1
7,1
124,1
50,1
86,1
25,1
128,1
119,1
78,1
54,1
47,1
10,1
133,1
78,1
127,1
114,1
53,1
74,1
118,1
7,1
2,1
97,1
142,1
140,1
76,1
2,1
103,1
93,1
118,1
46,1
119,1
142,1
34,1
88,1
58,1
30,1
9,1
12,1
16,1
112,1
27,1
11,1
142,1
122,1
43,1
43,1
111,1
75,1
8,1
8,1
140,1
146,1
144,1
133,1
39,1
133,1
14,1
30,1
9,1
41,1
24,1
66,1
117,1
46,1
60,1
142,1
118,1
7,1
128,1
96,1
32,1
133,1
68,1
125,1
41,1
108,1
116,1
57,1
56,1
33,1
126,1
117,1
113,1
77,1
133,1
112,1
136,1
57,1
32,1
120,1
20,1
108,1
82,1
55,1
78,1
123,1
118,1
104,1
42,1
64,1
109,1
33,1
133,1
132,1
140,1
133,1
68,1
133,1
120,1
100,1
130,1
62,1
106,1
56,1
133,1
12,1
71,1
15,1
66,1
131,1
29,1
33,1
102,1
60,1
23,1
122,1
128,1
98,1
112,1
74,1
6,1
9,1
151,1
58,1
51,1
127,1
109,1
29,1
0,1
100,1
117,1
54,1
29,1
4,1
133,1
133,1
146,1
128,1
57,1
59,1
111,1
68,1
107,1
143,1
144,1
126,1
133,1
128,1
29,1
17,1
6,1
134,1
29,1
63,1
96,1
74,1
90,1
28,1
127,1
97,1
134,1
148,1
27,1
149,1
19,1
81,1
21,1
37,1
107,1
83,1
57,1
151,1
133,1
56,1
133,1
120,1
13,1
139,1
4,1
1,1
104,1
24,1
0,1
64,1
136,1
57,1
45,1
98,1
144,1
39,1
87,1
8,1
111,1
41,1
149,1
84,1
74,1
114,1
111,1
70,1
108,1
47,1
99,1
53,1
46,1
113,1
115,1
99,1
117,1
128,1
85,1
133,1
113,1
6,1
20,1
16,1
115,1
128,1
97,1
133,1
77,1
52,1
66,1
12,1
29,1
135,1
45,1
48,1
110,1
123,1
127,1
59,1
140,1
140,1
57,1
79,1
74,1
67,1
129,1
98,1
5,1
31,1
133,1
42,1
64,1
2,1
146,1
150,1
132,1
89,1
0,1
59,1
45,1
133,1
87,1
128,1
112,1
46,1
20,1
89,1
95,1
37,1
153,1
6,1
151,1
100,1
29,1
107,1
57,1
120,1
64,1
42,1
95,1
26,1
82,1
15,1
145,1
131,1
133,1
88,1
151,1
116,1
33,1
7,1
60,1
68,1
67,1
71,1
56,1
47,1
70,1
130,1
109,1
149,1
48,1
94,1
85,1
0,1
57,1
104,1
57,1
57,1
133,1
12,1
48,1
37,1
9,1
2,1
54,1
47,1
23,1
33,1
103,1
23,1
48,1
50,1
140,1
143,1
113,1
44,1
75,1
78,1
127,1
21,1
89,1
130,1
78,1
135,1
129,1
70,1
33,1
88,1
5,1
42,1
72,1
22,1
44,1
47,1
126,1
133,1
127,1
78,1
16,1
130,1
127,1
107,1
90,1
109,1
47,1
50,1
101,1
74,1
133,1
108,1
106,1
90,1
27,1
130,1
54,1
95,1
100,1
71,1
138,1
18,1
2,1
135,1
81,1
0,1
14,1
46,1
92,1
133,1
7,1
40,1
89,1
40,1
59,1
95,1
31,1
136,1
133,1
3,1
133,1
72,1
109,1
146,1
0,1
142,1
110,1
81,1
11,1
78,1
77,1
133,1
56,1
57,1
62,1
33,1
35,1
28,1
5,1
100,1
114,1
47,1
62,1
47,1
99,1
83,1
89,1
120,1
6,1
62,1
118,1
82,1
72,1
88,1
57,1
72,1
5,1
48,1
119,1
57,1
93,1
130,1
133,1
62,1
109,1
126,1
29,1
45,1
79,1
109,1
119,1
90,1
39,1
87,1
48,1
133,1
12,1
86,1
70,1
70,1
31,1
113,1
3,1
123,1
57,1
47,1
100,1
145,1
2,1
0,1
47,1
78,1
6,1
123,1
29,1
31,1
116,1
34,1
105,1
143,1
148,1
111,1
74,1
117,1
110,1
131,1
77,1
133,1
64,1
112,1
133,1
63,1
0,1
81,1
130,1
141,1
127,1
50,1
142,1
19,1
81,1
137,1
128,1
79,1
0,1
114,1
6,1
88,1
57,1
142,1
146,1
129,1
118,1
98,1
26,1
30,1
46,1
76,1
61,1
102,1
114,1
142,1
150,1
83,1
113,1
128,1
95,1
72,1
60,1
146,1
75,1
9,1
148,1
50,1
114,1
133,1
127,1
69,1
69,1
37,1
58,1
64,1
128,1
142,1
95,1
12,1
79,1
28,1
122,1
59,1
130,1
0,1
37,1
32,1
9,1
3,1
59,1
65,1
100,1
97,1
7,1
17,1
142,1
24,1
15,1
97,1
45,1
152,1
47,1
122,1
133,1
12,1
35,1
133,1
132,1
144,1
41,1
150,1
2,1
133,1
35,1
145,1
8,1
12,1
51,1
70,1
138,1
132,1
130,1
128,1
52,1
76,1
133,1
146,1
101,1
90,1
46,1
149,1
27,1
0,1
41,1
66,1
6,1
146,1
23,1
6,1
13,1
91,1
123,1
91,1
40,1
40,1
47,1
5,1
80,1
71,1
89,1
56,1
22,1
60,1
57,1
30,1
41,1
33,1
138,1
2,1
92,1
124,1
27,1
41,1
143,1
9,1
48,1
130,1
102,1
133,1
88,1
127,1
5,1
96,1
128,1
128,1
126,1
119,1
24,1
136,1
90,1
119,1
69,1
33,1
111,1
130,1
154,1
43,1
26,1
130,1
47,1
81,1
145,1
102,1
44,1
57,1
133,1
58,1
41,1
150,1
17,1
27,1
21,1
47,1
68,1
13,1
95,1
133,1
115,1
43,1
72,1
56,1
34,1
135,1
30,1
24,1
142,1
118,1
52,1
57,1
133,1
30,1
141,1
138,1
99,1
61,1
95,1
68,1
85,1
104,1
73,1
145,1
134,1
122,1
12,1
27,1
41,1
95,1
127,1
27,1
128,1
133,1
37,1
41,1
43,1
2,1
103,1
23,1
128,1
47,1
1,1
47,1
19,1
78,1
130,1
56,1
37,1
142,1
112,1
19,1
133,1
118,1
54,1
134,1
78,1
45,1
85,1
56,1
9,1
135,1
118,1
117,1
81,1
49,1
11,1
23,1
34,1
142,1
57,1
128,1
8,1
0,1
142,1
80,1
132,1
128,1
92,1
70,1
133,1
57,1
92,1
5,1
88,1
127,1
0,1
8,1
66,1
111,1
41,1
140,1
63,1
23,1
11,1
128,1
138,1
122,1
7,1
121,1
31,1
37,1
128,1
29,1
136,1
72,1
112,1
72,1
142,1
21,1
118,1
120,1
128,1
30,1
110,1
132,1
96,1
34,1
146,1
38,1
14,1
0,1
142,1
114,1
45,1
142,1
71,1
123,1
33,1
4,1
131,1
46,1
65,1
110,1
48,1
67,1
99,1
85,1
72,1
56,1
68,1
129,1
86,1
57,1
8,1
100,1
21,1
29,1
31,1
145,1
117,1
1,1
142,1
128,1
133,1
99,1
14,1
31,1
45,1
29,1
52,1
2,1
136,1
88,1
118,1
73,1
60,1
53,1
133,1
78,1
23,1
31,1
4,1
0,1
1,1
46,1
59,1
37,1
29,1
50,1
29,1
133,1
141,1
122,1
2,1
69,1
60,1
118,1
92,1
68,1
111,1
64,1
30,1
95,1
47,1
59,1
126,1
128,1
35,1
133,1
31,1
133,1
102,1
133,1
0,1
11,1
127,1
128,1
66,1
55,1
30,1
22,1
23,1
122,1
122,1
136,1
7,1
25,1
29,1
11,1
0,1
73,1
136,1
144,1
128,1
143,1
43,1
30,1
5,1
95,1
122,1
60,1
64,1
44,1
99,1
8,1
108,1
57,1
122,1
14,1
113,1
88,1
101,1
44,1
108,1
41,1
62,1
23,1
70,1
50,1
128,1
110,1
41,1
113,1
19,1
141,1
48,1
140,1
47,1
133,1
62,1
35,1
126,1
36,1
3,1
133,1
150,1
56,1
1,1
31,1
58,1
133,1
9,1
113,1
116,1
27,1
107,1
68,1
18,1
66,1
65,1
82,1
123,1
110,1
72,1
51,1
144,1
5,1
50,1
122,1
40,1
46,1
114,1
32,1
97,1
0,1
7,1
116,1
54,1
85,1
85,1
130,1
129,1
99,1
144,1
109,1
79,1
57,1
61,1
1,1
44,1
7,1
108,1
11,1
41,1
39,1
15,1
62,1
133,1
22,1
27,1
31,1
106,1
113,1
30,1
41,1
23,1
24,1
22,1
133,1
29,1
5,1
21,1
133,1
69,1
104,1
90,1
142,1
132,1
133,1
133,1
151,1
142,1
44,1
148,1
15,1
31,1
101,1
130,1
23,1
23,1
47,1
58,1
97,1
93,1
124,1
135,1
29,1
139,1
117,1
150,1
132,1
0,1
57,1
128,1
87,1
117,1
58,1
17,1
62,1
107,1
66,1
133,1
128,1
88,1
137,1
138,1
19,1
41,1
94,1
118,1
114,1
28,1
117,1
128,1
99,1
17,1
128,1
64,1
130,1
72,1
128,1
3,1
112,1
39,1
110,1
119,1
133,1
28,1
111,1
20,1
82,1
32,1
88,1
23,1
146,1
115,1
32,1
130,1
108,1
49,1
139,1
108,1
136,1
138,1
135,1
111,1
142,1
9,1
9,1
85,1
150,1
131,1
49,1
122,1
82,1
133,1
142,1
128,1
133,1
6,1
70,1
2,1
62,1
52,1
114,1
76,1
111,1
58,1
118,1
75,1
133,1
122,1
143,1
117,1
59,1
80,1
77,1
42,1
43,1
29,1
71,1
132,1
70,1
133,1
133,1
60,1
133,1
67,1
99,1
1,1
121,1
83,1
127,1
102,1
31,1
25,1
150,1
39,1
32,1
31,1
63,1
47,1
65,1
126,1
12,1
150,1
50,1
57,1
55,1
128,1
48,1
144,1
98,1
103,1
4,1
63,1
8,1
99,1
122,1
118,1
88,1
106,1
65,1
0,1
70,1
3,1
135,1
34,1
13,1
122,1
5,1
29,1
28,1
144,1
13,1
133,1
29,1
47,1
87,1
128,1
9,1
88,1
119,1
94,1
142,1
142,1
32,1
115,1
137,1
43,1
142,1
117,1
17,1
93,1
68,1
72,1
119,1
94,1
100,1
117,1
140,1
94,1
124,1
29,1
25,1
16,1
22,1
133,1
109,1
120,1
69,1
57,1
141,1
149,1
47,1
127,1
109,1
4,1
85,1
46,1
64,1
115,1
56,1
58,1
148,1
15,1
111,1
11,1
92,1
74,1
115,1
133,1
41,1
62,1
20,1
41,1
66,1
88,1
29,1
73,1
89,1
136,1
128,1
133,1
140,1
47,1
57,1
40,1
133,1
108,1
146,1
51,1
130,1
69,1
117,1
133,1
128,1
142,1
133,1
135,1
114,1
51,1
72,1
11,1
116,1
49,1
78,1
22,1
150,1
70,1
142,1
85,1
39,1
95,1
64,1
4,1
150,1
46,1
133,1
56,1
108,1
6,1
65,1
111,1
102,1
74,1
47,1
133,1
56,1
130,1
62,1
29,1
105,1
12,1
97,1
13,1
121,1
86,1
18,1
47,1
30,1
25,1
95,1
112,1
101,1
35,1
45,1
128,1
122,1
57,1
66,1
33,1
128,1
127,1
64,1
119,1
77,1
122,1
15,1
65,1
17,1
23,1
133,1
33,1
24,1
0,1
72,1
127,1
92,1
11,1
29,1
91,1
108,1
107,1
103,1
106,1
96,1
149,1
76,1
140,1
127,1
