71,138
140,113
127,127
77,130
12,15
134,133
110,59
79,79
72,105
88,52
41,41
138,71
12,58
142,141
117,37
64,36
17,5
56,56
97,33
82,130
72,20
8,121
119,119
150,68
89,88
28,28
148,135
115,26
20,14
98,87
27,67
20,61
112,122
1,1
81,95
0,0
150,143
17,22
99,100
75,75
145,144
28,28
59,59
123,123
128,66
98,98
17,5
20,49
127,46
128,150
142,142
126,139
104,104
3,56
97,97
128,114
37,65
51,39
52,32
16,17
130,146
49,49
142,138
123,123
146,146
150,150
106,106
10,9
31,5
41,65
150,150
114,114
98,79
73,73
13,13
7,7
122,65
12,12
54,6
47,47
63,71
9,42
1,57
14,144
3,123
121,0
46,149
130,97
4,124
49,4
134,96
146,146
142,45
38,117
109,63
88,59
22,22
150,24
151,151
137,11
128,138
14,57
117,26
40,43
109,116
139,110
85,85
150,145
142,32
117,120
74,148
121,52
74,86
28,8
48,25
128,144
39,117
44,28
50,50
128,154
44,127
140,140
31,37
7,128
72,150
128,136
58,103
71,18
127,46
71,137
85,75
2,43
113,19
35,9
102,65
102,102
98,48
8,129
33,150
32,14
47,104
120,120
87,74
77,76
103,103
57,57
144,34
21,46
62,62
46,124
76,78
74,90
20,60
32,139
126,66
25,25
120,120
17,5
128,27
7,123
0,127
133,62
128,141
128,0
29,4
21,21
142,112
112,112
43,36
18,18
112,112
130,98
92,92
113,34
58,110
11,11
140,115
94,94
116,116
103,109
3,62
52,71
102,102
140,149
97,148
65,137
64,0
128,136
109,109
124,110
75,85
73,73
95,97
5,17
11,129
127,121
54,54
128,72
56,56
129,110
87,87
119,104
20,64
115,115
68,24
150,47
72,14
106,73
30,151
142,143
73,11
79,131
6,7
23,38
29,53
47,47
114,114
125,25
113,31
63,63
44,33
88,70
112,112
97,75
154,18
152,142
116,115
19,37
99,72
20,28
72,9
64,153
3,3
42,5
72,1
31,65
149,64
56,56
128,152
95,95
103,103
88,94
37,18
19,19
6,121
112,112
142,142
62,28
22,72
31,64
128,72
109,109
9,112
77,146
112,6
56,21
32,149
110,48
97,94
113,113
98,98
116,100
150,36
115,40
138,140
95,74
13,13
71,60
60,60
95,95
42,42
69,69
66,66
20,31
116,116
62,138
56,27
39,116
1,66
119,119
12,12
118,118
142,144
93,131
130,95
152,152
115,44
57,105
116,116
84,90
83,83
64,51
99,99
82,35
77,83
27,117
39,115
44,100
87,146
133,130
145,100
73,106
63,62
137,72
78,78
139,54
122,122
82,93
35,16
35,34
108,108
99,55
90,74
41,36
100,141
116,26
56,24
83,98
1,1
77,77
148,86
69,69
22,59
83,83
59,59
95,97
32,32
31,105
8,8
58,58
84,82
18,34
90,90
131,131
26,43
55,110
110,67
150,56
9,141
151,54
145,37
33,5
146,86
115,115
0,61
8,8
88,88
139,126
93,74
139,35
22,149
83,83
107,107
114,114
74,146
95,146
5,0
129,129
132,132
113,114
52,51
69,144
2,2
61,61
46,6
12,147
12,11
110,143
113,113
32,23
21,3
128,70
113,113
42,10
96,80
51,53
70,67
66,141
38,45
128,124
29,52
9,1
88,95
131,93
27,53
135,135
4,21
20,41
130,77
53,141
31,31
142,20
83,148
48,28
66,129
70,145
52,52
42,49
13,145
6,67
71,111
72,38
44,44
37,37
146,96
76,76
90,90
111,111
147,147
119,119
141,9
111,102
33,108
61,121
142,58
92,97
124,45
129,101
17,20
22,22
114,106
134,135
28,32
72,72
6,138
40,24
151,151
100,32
4,4
88,107
142,71
59,59
100,52
124,128
17,50
116,116
68,70
134,142
142,11
118,118
4,54
58,12
15,34
20,99
144,33
110,110
128,61
82,88
138,70
122,46
121,41
4,139
123,53
25,68
20,35
142,57
25,57
139,20
2,31
82,23
0,64
47,30
32,32
27,0
130,97
95,95
34,145
144,144
31,39
82,75
68,62
20,121
68,36
116,38
16,15
8,28
23,112
60,60
128,92
128,135
71,151
19,12
126,126
142,150
102,33
49,49
2,118
60,59
135,135
25,25
124,127
128,46
80,90
20,3
51,37
16,154
23,22
129,42
87,132
117,21
58,24
60,121
105,113
31,2
135,135
116,115
17,149
128,40
0,30
23,109
135,81
12,12
100,100
115,115
37,19
6,39
58,58
54,151
32,100
9,33
136,36
134,91
88,88
88,76
110,110
30,63
86,131
22,22
12,11
138,69
48,28
29,29
2,41
53,41
98,148
82,93
122,123
75,148
124,20
17,101
42,140
128,111
110,127
62,109
12,125
42,42
98,90
95,95
64,35
89,94
123,123
149,149
88,101
22,22
99,99
142,138
90,91
92,92
150,32
9,9
88,88
61,61
27,27
36,36
128,46
121,66
23,33
75,90
112,109
23,70
7,49
79,79
84,88
96,80
37,115
102,102
68,39
32,37
54,142
26,26
142,36
70,44
57,123
5,125
61,45
96,96
145,145
101,42
71,0
121,121
105,113
108,140
134,130
67,67
91,91
69,56
48,48
134,94
100,100
102,48
110,110
134,134
29,29
20,27
88,1
28,10
134,11
128,114
4,4
37,43
23,51
15,67
124,151
68,32
12,12
144,105
23,64
104,104
79,79
97,95
0,38
7,31
150,139
130,87
72,127
88,146
127,141
127,127
31,111
72,63
142,69
61,103
20,10
126,128
13,13
62,138
14,14
69,55
142,121
17,33
89,135
7,7
6,63
149,152
128,143
142,13
137,126
27,0
148,85
96,96
144,144
142,26
66,124
32,15
7,54
133,132
134,76
128,71
54,73
140,149
46,54
75,92
61,20
79,81
20,113
6,68
149,116
131,98
142,112
27,52
128,4
130,146
79,73
20,108
105,105
28,34
34,145
102,18
9,28
75,81
11,11
57,100
39,19
50,51
89,94
103,10
35,16
128,129
55,39
73,50
80,83
143,143
142,147
131,93
142,38
107,106
97,133
12,58
142,54
150,7
32,56
96,96
5,123
128,137
83,97
88,80
37,37
131,86
33,45
23,108
28,28
24,154
1,1
13,35
64,27
88,6
95,85
96,96
6,41
46,141
14,33
142,29
6,11
88,118
88,93
33,48
88,45
6,6
32,67
128,53
59,59
93,93
90,90
4,4
23,3
144,18
151,137
134,96
88,88
139,4
125,21
119,119
75,75
118,59
35,35
32,71
7,51
104,104
23,23
49,52
13,39
6,129
70,108
30,117
142,142
2,37
25,25
137,14
111,111
25,25
40,31
128,71
146,81
10,28
128,128
7,50
16,103
36,24
118,118
148,130
133,133
24,48
6,6
102,152
98,79
68,48
60,7
88,75
97,97
59,35
6,121
49,51
92,92
134,84
23,59
60,22
112,113
3,68
71,4
124,28
42,58
20,66
99,105
48,57
84,85
88,4
64,126
144,144
36,59
23,113
122,127
46,64
112,106
134,92
28,68
132,132
106,106
143,139
44,45
88,109
119,149
76,76
21,108
58,109
20,149
20,40
89,89
142,100
109,103
142,126
89,89
101,101
39,72
77,77
139,110
36,63
66,66
142,115
45,0
114,114
111,102
85,88
111,101
84,131
139,139
11,11
29,71
142,20
128,124
110,110
124,124
6,52
119,119
30,66
32,42
87,80
9,9
53,9
103,103
139,118
13,144
94,94
128,137
98,134
150,25
146,146
54,35
85,88
107,105
32,32
142,41
20,20
60,61
46,127
24,62
15,15
94,79
128,48
88,10
110,110
54,54
148,74
74,76
58,58
142,30
115,115
120,120
90,132
88,146
119,61
130,42
48,10
130,95
84,134
128,126
25,26
20,60
93,93
94,89
151,151
20,20
110,55
82,90
12,12
134,89
134,47
25,9
137,137
25,10
84,80
56,21
33,15
39,40
60,47
58,44
33,153
37,70
15,16
47,103
54,29
64,13
111,111
111,99
150,52
138,152
69,71
149,109
17,2
142,20
23,29
60,60
102,59
75,89
123,9
76,76
142,29
1,44
12,17
126,136
53,63
60,22
128,46
20,40
73,117
96,96
109,109
37,117
10,154
137,137
10,73
51,9
139,139
148,95
83,83
58,66
146,146
77,95
11,11
60,60
77,81
71,71
130,81
123,126
89,87
23,23
120,30
23,23
37,31
13,13
142,30
91,74
68,151
30,109
41,29
14,145
122,122
116,30
103,47
75,75
25,10
23,73
148,133
128,141
99,99
52,12
27,9
23,23
108,108
95,87
20,20
58,100
107,106
79,96
94,94
96,80
57,145
132,80
128,55
101,106
146,76
91,91
54,151
107,107
60,102
122,123
139,140
94,94
88,88
134,26
75,80
128,143
45,45
75,75
17,10
77,77
70,30
105,113
29,15
95,87
44,53
23,145
20,20
6,46
115,115
46,44
116,115
143,143
52,65
7,121
48,57
41,36
128,72
74,74
66,66
31,101
109,58
128,128
16,122
32,32
108,108
124,103
22,22
110,101
0,0
112,112
54,22
73,110
58,58
131,131
6,11
14,54
28,8
117,105
30,3
119,119
18,125
78,86
150,62
150,24
134,82
2,2
36,41
55,110
111,65
149,47
81,146
3,62
142,152
142,39
11,11
36,36
110,139
102,102
142,0
3,46
140,38
21,23
111,129
105,116
69,29
85,85
139,17
46,150
128,68
124,36
12,28
59,21
127,127
149,129
128,10
88,115
69,21
142,24
77,94
58,103
126,42
46,46
121,3
149,2
133,122
128,66
128,109
149,149
37,70
88,69
14,152
43,40
13,13
151,144
93,105
16,52
83,83
128,54
19,19
106,55
60,60
95,95
88,26
149,113
20,152
88,22
54,4
88,17
17,38
69,11
36,45
151,151
76,148
54,54
127,137
59,23
50,49
104,129
59,3
82,84
124,153
79,98
116,65
36,62
119,119
47,18
5,5
49,49
102,109
45,68
33,14
33,18
105,105
99,99
3,136
123,54
46,68
31,110
100,100
115,68
58,104
135,135
146,77
72,72
139,150
30,30
30,62
117,58
15,23
101,101
62,125
5,31
17,5
96,96
28,28
22,22
46,53
47,125
23,49
142,49
81,93
106,143
120,105
11,138
116,117
53,99
89,94
74,74
42,17
39,41
27,21
32,28
47,47
7,17
108,103
60,60
64,38
46,46
107,107
23,16
128,4
95,77
142,12
98,74
85,85
32,33
73,145
135,135
94,94
133,71
150,1
125,62
68,71
73,121
142,147
113,113
46,29
20,105
14,35
111,111
128,127
18,129
36,36
47,12
7,138
13,34
31,125
127,1
44,154
28,25
90,86
150,150
96,82
59,59
30,136
95,78
25,32
89,94
139,11
17,38
73,73
123,149
95,132
126,126
149,15
128,106
30,29
96,96
28,9
23,23
149,65
88,32
57,57
18,18
128,126
46,17
43,154
101,101
97,148
66,152
54,122
18,41
37,27
75,78
142,105
92,92
32,100
130,75
142,16
114,106
125,68
16,5
6,6
122,60
84,84
128,62
30,16
121,4
3,151
55,110
89,133
100,100
57,57
46,154
88,148
56,56
150,42
2,64
83,83
142,22
79,86
37,39
133,133
32,32
16,16
88,120
85,85
59,105
77,81
88,98
29,71
33,27
46,57
95,82
71,137
119,74
20,43
126,152
29,50
25,103
125,129
0,147
29,50
91,91
68,45
42,42
37,36
102,72
93,131
142,53
101,52
7,4
91,91
13,13
57,57
142,3
73,19
13,18
88,96
78,132
9,9
80,80
109,109
81,130
115,44
142,142
136,138
42,8
50,51
60,36
142,153
13,144
127,141
75,86
17,5
82,80
139,145
145,34
94,89
30,111
137,137
88,142
13,13
28,28
108,108
65,138
69,69
0,9
87,148
122,123
134,134
117,113
16,16
118,118
141,116
128,56
131,78
23,107
11,11
128,21
58,58
5,140
44,44
110,55
49,52
152,152
49,3
147,147
59,59
128,53
128,140
2,37
130,99
139,66
89,89
29,29
14,14
34,34
128,34
53,11
75,95
44,1
58,58
120,113
68,71
97,94
8,104
95,131
39,42
52,33
88,11
103,103
47,6
118,109
60,39
69,34
106,105
149,141
146,77
93,132
44,145
88,31
142,142
31,2
23,22
142,34
151,9
72,72
116,115
2,19
29,153
150,70
82,82
129,138
31,21
150,41
73,18
59,59
59,59
88,135
72,72
33,144
37,24
26,26
111,143
131,93
90,91
27,108
21,21
75,135
19,31
47,40
64,35
127,127
121,32
142,116
88,53
3,21
5,5
115,115
31,31
2,120
128,136
32,32
24,125
42,121
88,152
69,24
25,8
89,74
5,36
100,100
148,148
6,61
112,112
143,143
98,83
84,85
93,95
7,52
61,121
88,4
10,10
20,19
30,43
128,141
149,149
78,78
3,112
103,109
8,8
81,81
19,19
35,0
106,106
128,137
85,88
146,146
9,32
60,60
58,32
124,21
46,40
121,137
78,133
17,18
47,47
18,67
6,6
21,21
122,50
85,85
15,16
55,55
14,14
3,29
81,80
114,107
142,106
127,25
10,10
25,32
108,108
128,22
21,5
115,115
142,124
82,82
134,75
57,62
17,38
53,9
33,33
33,154
22,22
86,84
111,111
8,8
21,56
23,53
26,39
23,142
142,102
83,83
128,71
40,141
20,31
84,87
139,104
124,43
98,90
78,77
128,0
1,1
70,104
143,104
68,25
128,137
57,41
61,10
105,105
88,139
142,118
132,79
134,134
142,49
10,9
75,85
44,32
28,10
6,6
32,48
85,89
88,88
85,90
9,145
102,71
14,129
142,122
130,133
12,12
89,93
59,39
137,5
146,77
114,114
15,15
98,98
64,32
106,55
45,30
48,48
124,53
128,49
30,3
130,130
128,138
66,66
65,70
30,30
138,151
19,34
152,152
75,75
24,56
59,2
133,85
82,82
90,98
29,141
4,49
88,34
53,52
12,11
107,107
9,9
94,89
142,59
56,121
91,132
59,64
128,151
46,46
144,13
82,121
51,25
31,68
27,27
73,73
46,11
0,65
30,24
24,24
104,69
22,109
134,134
99,99
74,91
128,47
82,80
20,15
25,27
4,4
126,126
112,24
133,134
32,150
47,28
84,84
88,14
100,52
131,84
11,11
46,46
7,7
95,76
8,25
68,68
88,85
36,44
89,82
133,133
2,27
128,69
79,148
115,117
36,57
58,58
78,86
20,24
20,124
129,129
112,68
18,34
86,76
65,15
49,50
113,26
142,136
59,58
42,33
50,6
94,94
93,50
56,21
95,95
128,105
95,98
120,113
130,47
96,79
88,88
3,145
128,72
150,72
95,86
104,112
107,73
71,63
94,79
107,103
60,60
16,35
79,96
45,70
88,22
119,119
88,27
79,79
124,49
79,97
148,74
75,148
128,15
116,41
91,146
140,17
3,3
23,23
151,124
137,70
49,49
142,145
75,86
122,122
37,120
122,29
129,26
88,42
57,2
46,46
92,92
18,55
71,136
56,107
104,104
103,0
79,79
77,97
12,11
106,117
98,91
97,130
50,51
111,111
151,137
91,134
32,5
142,108
0,5
128,0
121,149
142,29
73,73
129,70
38,40
46,6
126,126
7,20
42,33
12,12
29,63
119,119
99,99
128,151
69,15
88,28
87,87
23,125
4,4
19,19
142,58
128,56
148,85
104,104
84,85
4,4
89,89
31,40
128,111
81,81
120,120
99,99
42,46
106,106
48,48
14,14
142,118
124,123
71,122
137,56
35,35
70,67
16,32
109,109
9,10
79,135
126,126
54,60
72,22
81,93
39,70
68,31
128,127
117,31
142,7
142,4
32,99
44,34
99,55
69,69
142,145
95,76
126,58
94,97
30,20
37,41
67,124
37,39
150,6
144,144
89,133
120,120
75,75
140,140
135,131
99,99
124,107
102,102
82,89
115,115
148,90
84,85
122,29
114,114
151,54
150,24
15,55
145,16
27,69
18,21
68,108
50,50
15,62
33,33
30,68
53,52
132,91
10,126
142,142
128,50
34,34
66,153
148,148
69,23
137,20
9,10
142,68
128,57
18,38
128,68
95,81
93,94
108,72
109,56
103,58
109,101
46,10
107,107
93,101
48,1
103,103
99,73
72,72
98,98
142,70
80,80
46,12
31,31
111,72
37,118
21,47
11,11
1,2
72,139
84,85
100,64
41,40
124,124
73,70
119,119
91,98
52,4
48,33
142,65
117,139
100,12
14,14
120,120
38,38
77,78
88,117
12,12
142,114
15,140
142,137
54,58
60,66
27,27
10,51
30,33
130,28
54,54
66,127
128,62
146,93
128,126
88,3
142,140
80,80
6,6
149,50
131,83
133,91
139,38
70,3
40,36
150,48
109,109
115,39
2,39
81,84
56,57
46,70
66,142
112,112
27,62
41,40
2,23
46,127
6,126
138,138
145,45
39,115
67,150
11,143
13,147
0,40
66,30
16,16
32,3
134,86
82,84
42,72
18,18
65,71
26,26
49,50
33,150
1,45
38,38
88,116
67,63
122,32
142,122
61,22
66,22
23,34
22,22
51,137
133,133
25,25
12,12
128,73
44,44
123,124
96,96
75,76
23,0
0,16
126,153
59,3
46,6
119,119
66,22
142,71
46,55
130,74
72,34
5,19
68,62
61,61
142,33
17,149
48,40
17,150
77,81
40,116
75,75
25,48
75,75
75,82
51,138
32,109
39,129
11,11
142,37
7,69
90,77
64,40
32,126
47,39
15,5
80,80
32,27
94,94
110,110
88,77
4,4
23,63
27,38
80,80
85,77
55,55
47,35
