137,138
113,113
127,127
130,130
15,15
134,133
59,59
148,79
105,105
133,52
40,41
52,71
58,58
133,141
116,37
125,36
17,5
56,56
18,33
130,130
127,20
8,121
119,119
68,68
88,88
28,28
135,135
26,26
145,14
87,87
145,67
125,61
123,122
1,1
95,95
0,0
143,143
14,22
100,100
75,75
47,144
28,28
59,59
53,123
53,66
98,98
17,5
29,49
46,46
128,150
142,142
154,139
104,104
69,56
97,97
127,114
117,65
39,39
32,32
17,17
146,146
49,49
133,138
123,123
146,146
150,150
106,106
8,9
64,5
5,65
150,150
114,114
79,79
73,73
13,13
7,7
149,65
12,12
64,6
18,47
71,71
125,42
57,57
145,144
7,123
20,0
53,149
95,97
101,124
4,4
135,96
146,146
133,45
117,117
63,63
132,59
22,22
142,24
151,151
55,11
136,138
57,57
116,26
43,43
68,116
110,110
85,85
145,145
133,32
120,120
148,148
36,52
82,86
48,8
48,25
33,144
117,117
28,28
50,50
128,154
25,127
120,140
39,37
6,128
150,150
128,136
103,103
108,18
46,46
122,137
88,75
41,43
19,19
9,9
118,65
102,102
9,48
8,129
57,150
14,14
108,104
120,120
87,74
77,76
103,103
57,57
34,34
46,46
36,62
127,124
89,78
90,90
60,60
72,139
3,66
25,25
120,120
17,5
137,27
50,123
17,127
133,62
128,141
28,0
29,4
21,21
142,112
58,112
125,36
18,18
112,112
95,98
92,92
40,34
110,110
11,11
115,115
88,94
116,116
103,109
45,62
65,71
102,102
149,149
94,148
128,137
0,0
141,136
109,109
128,110
85,85
73,73
97,97
17,17
116,129
16,121
54,54
128,72
56,56
110,110
95,87
104,104
125,64
115,115
24,24
28,47
8,14
73,73
29,151
47,143
11,11
132,131
7,7
61,38
33,53
47,47
114,114
108,25
70,31
63,63
57,33
132,70
43,112
134,75
8,18
142,142
26,115
2,37
72,72
47,28
127,9
47,153
29,3
127,5
1,1
65,65
64,64
56,56
20,152
95,95
103,103
89,94
110,18
19,19
50,121
112,112
142,142
28,28
21,72
64,64
128,72
109,109
48,112
146,146
36,6
21,21
12,149
73,48
94,94
113,113
83,98
39,100
150,36
40,40
4,140
85,74
13,13
23,60
60,60
95,95
42,42
69,69
66,66
42,31
39,116
142,138
27,27
39,116
110,66
119,119
12,12
8,118
47,144
131,131
89,95
152,152
50,44
105,105
116,116
74,90
80,83
33,51
99,99
92,35
95,83
38,117
115,115
100,100
98,146
133,130
128,100
110,106
62,62
3,72
78,78
128,54
122,122
133,93
17,16
10,34
108,108
55,55
89,74
36,36
141,141
116,26
36,24
74,98
1,1
95,77
148,86
69,69
59,59
83,83
59,59
97,97
32,32
109,105
8,8
111,58
135,82
34,34
77,90
131,131
43,43
55,110
142,67
0,56
127,141
54,54
46,37
108,5
77,86
115,115
70,61
48,8
88,88
126,126
131,74
16,35
149,149
83,83
107,107
114,114
130,146
146,146
16,0
114,129
132,132
143,114
50,51
144,144
2,2
61,61
7,6
66,147
12,11
17,143
113,113
23,23
3,3
100,70
113,113
8,10
76,80
53,53
70,67
66,141
71,45
122,124
52,52
8,1
81,95
93,93
147,53
135,135
137,21
35,41
95,77
141,141
39,31
133,20
148,148
28,28
5,129
12,145
52,52
128,49
145,145
100,67
111,111
40,38
44,44
67,37
81,96
74,76
90,90
19,111
147,147
119,119
9,9
33,102
50,108
50,121
47,58
134,97
20,45
110,101
27,20
22,22
106,106
130,135
100,32
72,72
50,138
40,24
151,151
32,32
50,4
142,107
142,71
59,59
44,52
122,128
50,50
116,116
70,70
123,142
142,11
109,118
54,54
57,12
13,34
39,99
33,33
110,110
128,61
85,88
62,70
127,46
142,41
72,139
123,53
68,68
47,35
39,57
57,57
20,20
31,31
47,23
62,64
37,30
32,32
27,0
77,97
77,95
145,145
47,144
39,39
86,75
36,62
121,121
62,36
39,38
16,15
28,28
108,112
60,60
97,92
148,135
128,151
72,12
126,126
142,150
33,33
52,49
40,118
60,59
135,135
25,25
46,127
142,46
90,90
20,3
2,37
139,154
45,22
42,42
132,132
22,21
8,24
51,121
120,113
35,2
135,135
115,115
41,149
128,40
37,30
23,109
81,81
12,12
100,100
115,115
19,19
46,39
58,58
50,151
32,100
28,33
62,36
130,91
88,88
89,76
110,110
3,63
85,131
22,22
150,11
68,69
48,28
29,29
38,41
112,41
148,148
74,93
123,123
88,148
124,20
101,101
42,140
133,111
127,127
102,109
47,125
1,42
90,90
81,95
31,35
89,94
123,123
149,149
142,101
22,22
99,99
47,138
90,91
92,92
32,32
48,9
85,88
61,61
27,27
36,36
128,46
20,66
64,33
131,90
69,109
12,70
49,49
79,79
88,88
80,80
116,115
102,102
39,39
3,37
122,142
26,26
47,36
44,44
128,123
1,125
38,45
80,96
145,145
101,42
128,0
62,121
113,113
36,140
131,130
67,67
91,91
21,56
25,48
134,94
100,100
33,48
55,110
130,134
29,29
27,27
133,1
28,10
9,11
128,114
4,4
99,43
23,51
67,67
124,151
32,32
12,12
128,105
5,64
104,104
79,79
134,95
150,38
128,31
139,139
87,87
127,127
133,146
46,141
127,127
111,111
129,63
69,69
107,103
57,10
128,128
14,13
50,138
15,14
55,55
133,121
33,33
130,135
7,7
128,63
152,152
111,143
133,13
128,126
64,0
82,85
96,96
144,144
133,26
20,124
13,15
54,54
133,132
134,76
71,71
129,73
60,149
6,54
81,92
20,20
146,81
48,113
38,68
116,116
77,98
88,112
51,52
142,4
77,146
33,73
47,108
105,105
34,34
145,145
33,18
28,28
81,81
11,11
100,100
112,19
51,51
89,94
20,10
16,16
126,129
111,39
154,50
83,83
143,143
52,147
86,93
48,38
106,106
133,133
143,58
88,54
47,7
56,56
80,96
60,123
151,137
130,97
81,80
37,37
95,86
28,45
30,108
8,28
72,154
1,1
35,35
39,27
133,6
95,85
96,96
125,41
141,141
33,33
142,29
12,11
88,118
133,93
8,48
142,45
6,6
13,67
151,53
59,59
93,93
90,90
4,4
23,3
55,18
137,137
134,96
88,88
4,4
30,21
119,119
75,75
30,59
35,35
29,71
52,51
104,104
23,23
49,52
64,39
142,129
108,108
117,117
54,142
39,37
25,25
126,14
111,111
25,25
31,31
53,71
95,81
28,28
128,128
29,50
30,103
125,24
118,118
131,130
133,133
64,48
6,6
58,152
95,79
8,48
122,7
146,75
97,97
125,35
128,121
29,51
92,92
134,84
58,59
20,22
37,113
68,68
51,4
9,28
128,58
44,66
104,105
47,57
84,85
133,4
33,126
144,144
13,59
17,113
127,127
127,64
104,106
92,92
10,68
132,132
106,106
139,139
125,45
88,109
115,149
74,76
30,108
103,109
142,149
9,40
89,89
133,100
109,103
47,126
89,89
101,101
72,72
77,77
110,110
33,63
66,66
133,115
125,0
114,114
57,102
85,88
101,101
81,131
139,139
11,11
29,71
67,20
128,124
110,110
124,124
52,52
99,119
66,66
8,42
81,80
9,9
9,9
103,103
26,118
144,144
94,94
54,137
97,134
150,25
146,146
137,35
88,88
114,105
32,32
142,41
20,20
61,61
57,127
125,62
18,15
146,79
150,48
88,10
110,110
4,54
74,74
76,76
58,58
133,30
115,115
120,120
90,132
89,146
49,61
36,42
10,10
95,95
133,134
128,126
26,26
60,60
93,93
148,89
151,151
20,20
55,55
88,90
12,12
94,89
69,47
9,9
137,137
8,10
85,80
21,21
15,15
39,40
47,47
8,44
12,153
70,70
16,16
133,103
4,29
33,13
106,111
104,99
47,52
103,152
4,71
112,109
66,2
128,20
30,29
60,60
58,59
134,89
71,9
76,76
142,29
44,44
32,17
29,136
63,63
61,22
124,46
88,40
107,117
96,96
109,109
19,117
9,154
137,137
143,73
8,9
35,139
95,95
83,83
64,66
146,146
81,95
11,11
60,60
87,81
71,71
130,81
126,126
78,87
23,23
62,30
23,23
31,31
13,13
133,30
86,74
53,151
30,109
33,29
14,145
151,122
30,30
47,47
75,75
48,10
128,73
133,133
122,141
107,99
17,12
10,9
23,23
108,108
78,87
20,20
58,100
64,106
133,96
94,94
80,80
145,145
88,80
128,55
106,106
146,76
91,91
122,151
107,107
46,102
124,123
150,140
94,94
88,88
46,26
133,80
139,143
45,45
85,75
57,10
77,77
72,30
113,113
18,15
95,87
44,53
33,145
20,20
6,46
116,115
128,44
26,115
143,143
150,65
121,121
57,57
36,36
100,72
75,74
66,66
129,101
103,58
128,128
124,122
32,32
108,108
124,103
22,22
11,101
0,0
112,112
138,22
110,110
58,58
93,131
6,11
128,54
28,8
55,105
20,3
119,119
33,125
86,86
104,62
150,24
134,82
70,2
38,41
110,110
124,65
142,47
146,146
126,62
133,152
54,39
11,11
70,36
139,139
43,102
14,0
46,46
115,38
103,23
110,129
133,116
29,29
85,85
126,17
36,150
126,68
127,36
57,28
21,21
127,127
149,129
129,10
142,115
120,21
47,24
89,94
103,103
42,42
46,46
29,3
143,2
133,122
49,66
147,109
17,149
70,70
133,69
8,152
38,40
13,13
34,144
127,105
52,52
83,83
50,54
19,19
2,55
108,60
95,95
133,26
115,113
145,152
133,22
29,4
88,17
126,38
11,11
45,45
137,151
148,148
54,54
124,137
103,23
52,49
129,129
20,3
133,84
127,153
79,98
65,65
62,62
119,119
102,18
36,5
49,49
109,109
68,68
44,14
18,18
105,105
99,99
136,136
46,54
127,68
108,110
100,100
68,68
23,104
146,135
146,77
72,72
45,150
30,30
30,62
39,58
23,23
101,101
125,125
117,31
149,5
82,96
28,28
22,22
46,53
45,125
61,49
133,49
81,93
106,143
105,105
126,138
120,117
8,99
89,94
74,74
17,17
41,41
45,21
100,28
47,47
16,17
58,103
45,60
64,38
46,46
107,107
23,16
4,4
77,77
133,12
74,74
85,85
33,33
11,145
135,135
94,94
133,71
127,1
47,62
71,71
29,121
133,147
113,113
6,29
47,105
35,35
111,111
127,127
27,129
36,36
47,12
138,138
72,34
31,125
1,1
154,154
10,25
74,86
150,150
82,82
58,59
14,136
77,78
32,32
95,94
12,11
45,38
104,73
11,149
95,132
126,126
47,15
128,106
51,29
135,96
9,9
22,23
65,65
133,32
8,57
18,18
47,126
8,17
35,154
101,101
98,148
24,152
122,122
40,41
27,27
86,78
142,105
92,92
8,100
89,75
47,16
106,106
64,68
35,5
6,6
127,60
88,84
128,62
12,16
50,4
3,151
55,110
89,133
100,100
57,57
25,154
133,148
56,56
46,42
27,64
83,83
111,22
74,86
39,39
133,133
32,32
16,16
133,120
85,85
107,105
130,81
88,98
71,71
47,27
46,57
130,82
128,137
87,74
17,43
137,152
51,50
103,103
129,129
17,147
29,50
91,91
44,45
42,42
50,36
102,72
77,131
142,53
128,52
7,4
91,91
13,13
57,57
48,3
33,19
18,18
133,96
132,132
9,9
80,80
109,109
81,130
44,44
142,142
138,138
48,8
71,51
5,36
133,153
144,144
46,141
75,86
17,5
80,80
125,145
144,34
94,89
5,111
136,137
133,142
34,13
28,28
108,108
138,138
69,69
9,9
83,148
127,123
134,134
113,113
16,16
118,118
116,116
128,56
79,78
58,107
11,11
142,21
103,58
5,140
44,44
73,55
4,52
66,152
21,3
147,147
59,59
127,53
149,140
70,37
39,99
66,66
89,89
29,29
14,14
34,34
142,34
127,11
133,95
1,1
103,58
120,113
71,71
79,94
104,104
130,131
118,42
47,33
133,11
103,103
133,6
118,109
141,39
42,34
110,105
151,141
77,77
132,132
14,145
92,31
47,142
2,2
22,22
142,34
44,9
72,72
115,115
19,19
33,153
70,70
82,82
137,138
31,21
27,41
33,18
61,59
59,59
133,135
72,72
8,144
42,24
26,26
143,143
93,93
74,91
108,108
21,21
86,135
31,31
27,40
35,35
127,127
4,32
47,116
92,53
21,21
5,5
38,115
31,31
109,120
128,136
72,32
125,125
123,121
92,152
108,24
25,8
89,74
36,36
100,100
148,148
3,61
112,112
143,143
83,83
88,85
95,95
52,52
17,121
133,4
10,10
5,19
38,43
61,141
149,149
78,78
59,112
58,109
8,8
81,81
19,19
0,0
106,106
12,137
79,88
146,146
32,32
20,60
42,32
50,21
57,40
5,137
74,133
47,18
47,47
15,67
46,6
21,21
50,50
85,85
15,16
55,55
13,14
29,29
82,80
107,107
133,106
10,25
147,10
32,32
108,108
142,22
3,5
116,115
133,124
82,82
134,75
142,62
72,38
9,9
33,33
154,154
22,22
85,84
111,111
8,8
56,56
128,53
39,39
142,142
133,102
83,83
128,71
129,141
4,31
95,87
3,104
124,43
90,90
77,77
128,0
1,1
104,104
110,104
25,25
128,137
5,41
28,10
105,105
142,139
48,118
82,79
134,134
29,49
9,9
79,85
56,32
8,10
6,6
8,48
89,89
88,88
95,90
35,145
144,71
153,129
88,122
130,133
12,12
97,93
30,39
73,5
146,77
114,114
144,15
98,98
32,32
110,55
30,30
48,48
9,53
52,49
3,3
130,130
20,138
66,66
47,70
30,30
142,151
45,34
152,152
81,75
56,56
67,2
133,85
82,82
83,98
46,141
29,49
133,34
141,52
11,11
107,107
9,9
134,89
133,59
69,121
132,132
30,64
128,151
46,46
13,13
142,121
147,25
28,68
27,27
73,73
47,11
62,65
30,24
24,24
69,69
103,109
134,134
99,99
91,91
8,47
133,80
15,15
27,27
4,4
126,126
50,24
75,134
30,150
150,28
84,84
133,14
56,52
85,84
11,11
46,46
7,7
74,76
33,25
68,68
88,85
44,44
82,82
133,133
45,27
45,69
148,148
117,117
57,57
103,58
95,86
5,24
133,124
129,129
69,68
11,34
76,76
15,15
29,50
117,26
142,136
58,58
46,33
4,6
131,94
124,50
109,21
95,95
4,105
98,98
116,113
9,47
79,79
88,88
145,145
142,72
72,72
84,86
112,112
99,73
71,63
133,79
109,103
60,60
28,35
97,96
70,70
133,22
119,119
133,27
79,79
123,49
79,97
86,74
133,148
128,15
38,41
146,146
19,17
3,3
23,23
123,124
106,70
49,49
88,145
86,86
46,122
120,120
53,29
129,26
133,42
133,2
6,46
92,92
110,55
122,136
119,107
104,104
11,0
79,79
127,97
11,11
73,117
91,91
130,130
50,51
111,111
137,137
134,134
64,5
133,108
6,5
47,0
31,149
153,29
11,73
144,70
38,40
141,6
126,126
23,20
8,33
12,12
48,63
119,119
99,99
128,151
15,15
133,28
87,87
38,125
4,4
19,19
71,58
47,56
85,85
104,104
85,85
4,4
89,89
40,40
153,111
95,81
120,120
99,99
128,46
106,106
48,48
14,14
133,118
52,123
71,122
120,56
35,35
67,67
23,32
109,109
10,10
130,135
126,126
60,60
127,22
146,93
40,70
47,31
46,127
116,31
133,7
4,4
99,99
34,34
143,55
71,69
142,145
95,76
126,58
75,97
20,20
19,41
33,124
39,39
111,6
47,144
82,133
120,120
89,75
140,140
131,131
99,99
105,107
102,102
133,89
116,115
86,90
88,85
128,29
114,114
151,54
108,24
55,55
35,16
69,69
8,21
108,108
50,50
64,62
33,33
68,68
51,52
91,91
142,126
126,142
29,50
34,34
66,153
148,148
3,23
69,20
25,10
133,68
127,57
27,38
142,68
82,81
134,94
52,72
50,56
107,58
102,101
127,10
107,107
69,101
1,1
103,103
99,73
72,72
98,98
133,70
80,80
127,12
31,31
21,72
118,118
47,47
11,11
2,2
73,139
85,85
64,64
38,40
122,124
42,70
119,119
131,98
44,4
33,33
47,65
139,139
147,12
35,14
120,120
38,38
130,78
92,117
12,12
142,114
140,140
133,137
7,58
66,66
27,27
57,51
33,33
36,28
54,54
100,127
150,62
95,93
128,126
133,3
76,140
80,80
6,6
114,50
131,83
133,91
128,38
127,3
36,36
44,48
109,109
38,39
70,39
85,84
57,57
127,70
63,142
112,112
62,62
40,40
150,23
127,127
136,126
138,138
69,45
115,115
33,150
55,143
45,147
5,40
128,30
16,16
48,3
97,86
131,84
128,72
18,18
71,71
26,26
50,50
50,150
45,45
38,38
133,116
47,63
50,32
128,122
22,22
22,22
46,34
20,22
137,137
133,133
45,25
12,12
142,73
44,44
123,124
82,96
133,76
128,0
5,16
126,153
3,3
6,6
119,119
66,22
142,71
128,55
77,74
67,34
116,19
68,62
4,61
47,33
17,149
142,40
60,150
146,81
116,116
75,75
25,48
75,75
135,82
126,138
32,109
129,129
11,11
142,37
5,69
130,77
144,40
72,126
27,39
5,5
80,80
27,27
94,94
110,110
133,77
4,4
30,63
72,38
135,80
77,77
55,55
35,35
