114,1
93,1
31,1
43,1
130,1
120,1
128,1
136,1
0,1
128,1
132,1
47,1
146,1
35,1
90,1
62,1
110,1
134,1
141,1
136,1
42,1
88,1
1,1
150,1
5,1
108,1
13,1
111,1
77,1
133,1
49,1
6,1
90,1
113,1
47,1
149,1
115,1
74,1
64,1
145,1
45,1
19,1
24,1
83,1
124,1
38,1
133,1
13,1
145,1
13,1
12,1
114,1
30,1
47,1
81,1
144,1
97,1
63,1
33,1
57,1
149,1
90,1
42,1
88,1
111,1
28,1
50,1
122,1
88,1
16,1
83,1
68,1
38,1
87,1
148,1
27,1
25,1
76,1
60,1
143,1
142,1
142,1
52,1
39,1
140,1
58,1
60,1
5,1
7,1
85,1
100,1
22,1
47,1
129,1
3,1
110,1
25,1
91,1
47,1
32,1
36,1
130,1
65,1
56,1
19,1
128,1
88,1
149,1
137,1
5,1
21,1
127,1
7,1
118,1
99,1
142,1
88,1
0,1
86,1
31,1
113,1
92,1
36,1
126,1
20,1
112,1
124,1
66,1
36,1
45,1
86,1
123,1
20,1
0,1
5,1
77,1
44,1
46,1
119,1
64,1
134,1
5,1
64,1
7,1
55,1
65,1
127,1
41,1
21,1
140,1
20,1
24,1
4,1
89,1
21,1
73,1
123,1
77,1
89,1
41,1
90,1
146,1
27,1
42,1
29,1
148,1
12,1
123,1
145,1
88,1
123,1
74,1
28,1
103,1
14,1
32,1
116,1
104,1
40,1
119,1
122,1
134,1
23,1
87,1
56,1
7,1
81,1
37,1
26,1
142,1
88,1
118,1
82,1
127,1
122,1
108,1
89,1
59,1
109,1
71,1
39,1
36,1
70,1
22,1
72,1
150,1
99,1
142,1
22,1
54,1
13,1
121,1
29,1
153,1
84,1
28,1
34,1
32,1
68,1
50,1
10,1
70,1
101,1
1,1
131,1
57,1
88,1
120,1
30,1
110,1
27,1
78,1
125,1
101,1
46,1
121,1
105,1
45,1
144,1
89,1
55,1
7,1
1,1
139,1
107,1
41,1
141,1
149,1
93,1
88,1
19,1
88,1
77,1
45,1
12,1
46,1
13,1
8,1
56,1
130,1
1,1
25,1
65,1
42,1
46,1
38,1
19,1
144,1
41,1
9,1
116,1
37,1
37,1
141,1
16,1
77,1
17,1
57,1
8,1
110,1
51,1
154,1
123,1
128,1
10,1
110,1
16,1
29,1
21,1
76,1
28,1
142,1
41,1
19,1
101,1
69,1
134,1
125,1
128,1
39,1
116,1
97,1
75,1
72,1
65,1
90,1
4,1
101,1
81,1
119,1
33,1
101,1
21,1
85,1
16,1
42,1
148,1
30,1
83,1
128,1
2,1
54,1
88,1
54,1
88,1
48,1
5,1
123,1
62,1
75,1
99,1
95,1
43,1
108,1
14,1
81,1
42,1
84,1
94,1
46,1
30,1
30,1
77,1
146,1
36,1
140,1
123,1
61,1
23,1
62,1
6,1
114,1
112,1
24,1
43,1
7,1
136,1
12,1
123,1
10,1
67,1
101,1
18,1
46,1
20,1
57,1
147,1
124,1
37,1
36,1
125,1
5,1
59,1
82,1
15,1
91,1
110,1
40,1
142,1
22,1
4,1
13,1
106,1
46,1
49,1
134,1
128,1
13,1
45,1
57,1
57,1
95,1
110,1
95,1
88,1
39,1
71,1
144,1
98,1
88,1
72,1
46,1
19,1
17,1
22,1
88,1
46,1
98,1
0,1
122,1
130,1
22,1
127,1
10,1
4,1
47,1
29,1
12,1
130,1
47,1
45,1
97,1
11,1
112,1
45,1
142,1
101,1
12,1
96,1
41,1
5,1
71,1
17,1
102,1
99,1
145,1
34,1
70,1
13,1
36,1
36,1
52,1
45,1
56,1
85,1
97,1
122,1
130,1
123,1
137,1
69,1
33,1
134,1
149,1
137,1
56,1
40,1
80,1
46,1
138,1
137,1
123,1
16,1
123,1
144,1
33,1
17,1
30,1
61,1
30,1
133,1
48,1
118,1
94,1
57,1
149,1
55,1
6,1
47,1
24,1
110,1
1,1
33,1
88,1
142,1
126,1
65,1
64,1
88,1
4,1
48,1
140,1
150,1
16,1
139,1
146,1
59,1
29,1
143,1
58,1
109,1
122,1
137,1
23,1
105,1
97,1
57,1
4,1
88,1
142,1
142,1
140,1
14,1
11,1
117,1
123,1
85,1
129,1
35,1
111,1
33,1
122,1
64,1
9,1
45,1
97,1
138,1
101,1
31,1
66,1
102,1
39,1
153,1
45,1
63,1
67,1
42,1
3,1
6,1
66,1
103,1
124,1
141,1
71,1
134,1
81,1
13,1
119,1
107,1
48,1
123,1
40,1
111,1
23,1
111,1
146,1
46,1
96,1
142,1
65,1
59,1
83,1
3,1
103,1
143,1
46,1
4,1
77,1
31,1
128,1
74,1
82,1
2,1
56,1
134,1
88,1
33,1
52,1
4,1
8,1
49,1
35,1
142,1
64,1
131,1
109,1
75,1
139,1
124,1
20,1
12,1
103,1
68,1
76,1
76,1
128,1
9,1
59,1
138,1
59,1
123,1
59,1
19,1
1,1
128,1
50,1
4,1
99,1
113,1
126,1
59,1
32,1
54,1
23,1
9,1
25,1
127,1
151,1
47,1
149,1
35,1
120,1
0,1
129,1
142,1
54,1
94,1
4,1
82,1
140,1
53,1
48,1
122,1
57,1
47,1
22,1
121,1
87,1
69,1
1,1
152,1
88,1
128,1
77,1
47,1
131,1
128,1
123,1
129,1
121,1
116,1
19,1
102,1
21,1
43,1
122,1
79,1
31,1
86,1
63,1
150,1
47,1
50,1
29,1
116,1
123,1
121,1
64,1
149,1
19,1
52,1
14,1
34,1
97,1
67,1
122,1
136,1
120,1
105,1
47,1
142,1
112,1
0,1
53,1
39,1
0,1
142,1
122,1
72,1
33,1
69,1
88,1
122,1
47,1
115,1
39,1
82,1
106,1
127,1
143,1
88,1
7,1
35,1
7,1
79,1
148,1
88,1
8,1
142,1
46,1
19,1
77,1
32,1
14,1
6,1
137,1
120,1
25,1
46,1
44,1
5,1
100,1
106,1
59,1
149,1
46,1
109,1
46,1
40,1
125,1
26,1
30,1
23,1
118,1
56,1
46,1
127,1
142,1
88,1
144,1
37,1
20,1
95,1
142,1
0,1
150,1
115,1
125,1
123,1
102,1
9,1
56,1
46,1
111,1
71,1
93,1
134,1
4,1
128,1
90,1
48,1
88,1
93,1
18,1
29,1
20,1
100,1
13,1
20,1
37,1
47,1
88,1
39,1
122,1
148,1
31,1
98,1
113,1
115,1
117,1
51,1
96,1
7,1
39,1
33,1
133,1
2,1
91,1
0,1
143,1
37,1
100,1
14,1
143,1
29,1
120,1
46,1
4,1
63,1
139,1
110,1
32,1
114,1
57,1
46,1
86,1
122,1
129,1
110,1
52,1
31,1
105,1
1,1
88,1
123,1
74,1
31,1
92,1
137,1
88,1
8,1
53,1
58,1
151,1
89,1
97,1
21,1
29,1
37,1
23,1
142,1
80,1
81,1
142,1
106,1
129,1
100,1
25,1
8,1
10,1
78,1
88,1
38,1
80,1
92,1
74,1
137,1
3,1
0,1
33,1
16,1
46,1
76,1
127,1
111,1
124,1
99,1
110,1
46,1
29,1
143,1
88,1
101,1
100,1
120,1
88,1
33,1
39,1
45,1
131,1
123,1
33,1
15,1
85,1
19,1
11,1
88,1
21,1
60,1
31,1
70,1
21,1
63,1
69,1
127,1
6,1
89,1
70,1
128,1
46,1
0,1
110,1
1,1
90,1
21,1
11,1
48,1
88,1
127,1
0,1
141,1
26,1
14,1
127,1
127,1
88,1
28,1
131,1
148,1
26,1
0,1
11,1
72,1
73,1
11,1
75,1
107,1
125,1
34,1
121,1
101,1
151,1
90,1
111,1
106,1
79,1
61,1
109,1
37,1
64,1
97,1
142,1
151,1
99,1
32,1
115,1
94,1
88,1
64,1
75,1
107,1
27,1
11,1
93,1
35,1
76,1
31,1
22,1
31,1
118,1
131,1
122,1
73,1
21,1
81,1
15,1
40,1
79,1
147,1
72,1
52,1
88,1
2,1
69,1
149,1
37,1
55,1
83,1
130,1
11,1
39,1
105,1
137,1
108,1
97,1
78,1
105,1
113,1
129,1
148,1
119,1
145,1
115,1
119,1
31,1
82,1
4,1
14,1
22,1
110,1
95,1
61,1
34,1
72,1
111,1
140,1
122,1
115,1
128,1
111,1
19,1
144,1
74,1
32,1
44,1
88,1
130,1
0,1
21,1
76,1
40,1
74,1
20,1
6,1
148,1
29,1
146,1
47,1
31,1
51,1
93,1
76,1
0,1
125,1
23,1
121,1
103,1
123,1
142,1
48,1
7,1
90,1
18,1
71,1
142,1
53,1
89,1
37,1
41,1
39,1
38,1
76,1
5,1
88,1
0,1
34,1
114,1
22,1
88,1
2,1
122,1
100,1
106,1
47,1
113,1
8,1
17,1
65,1
37,1
142,1
128,1
142,1
2,1
0,1
6,1
88,1
117,1
139,1
64,1
137,1
93,1
71,1
58,1
45,1
123,1
73,1
106,1
142,1
141,1
105,1
41,1
10,1
79,1
7,1
144,1
25,1
15,1
38,1
31,1
144,1
108,1
110,1
36,1
80,1
126,1
108,1
39,1
108,1
91,1
103,1
27,1
128,1
137,1
50,1
116,1
30,1
14,1
32,1
146,1
131,1
75,1
42,1
108,1
140,1
66,1
67,1
89,1
126,1
85,1
21,1
89,1
120,1
103,1
3,1
5,1
66,1
88,1
58,1
116,1
68,1
110,1
147,1
68,1
91,1
58,1
56,1
84,1
126,1
121,1
22,1
137,1
53,1
91,1
88,1
17,1
133,1
47,1
59,1
60,1
66,1
90,1
16,1
140,1
124,1
47,1
112,1
123,1
47,1
94,1
85,1
97,1
47,1
107,1
124,1
88,1
88,1
139,1
55,1
46,1
43,1
85,1
41,1
134,1
139,1
82,1
128,1
97,1
150,1
28,1
123,1
141,1
89,1
39,1
123,1
22,1
143,1
86,1
88,1
13,1
67,1
4,1
134,1
142,1
23,1
139,1
111,1
16,1
25,1
117,1
32,1
29,1
2,1
2,1
45,1
61,1
97,1
135,1
135,1
145,1
125,1
88,1
99,1
14,1
15,1
94,1
122,1
70,1
3,1
14,1
12,1
24,1
65,1
24,1
62,1
81,1
105,1
58,1
88,1
5,1
17,1
16,1
129,1
2,1
119,1
6,1
9,1
78,1
106,1
30,1
137,1
29,1
88,1
28,1
108,1
7,1
77,1
132,1
2,1
1,1
69,1
71,1
42,1
89,1
51,1
142,1
88,1
71,1
82,1
0,1
30,1
123,1
148,1
112,1
139,1
14,1
4,1
112,1
76,1
130,1
88,1
47,1
143,1
40,1
149,1
149,1
102,1
35,1
39,1
99,1
67,1
61,1
145,1
2,1
47,1
131,1
88,1
97,1
66,1
41,1
53,1
10,1
69,1
122,1
112,1
136,1
85,1
144,1
92,1
1,1
81,1
112,1
104,1
82,1
142,1
47,1
89,1
16,1
11,1
15,1
123,1
28,1
130,1
86,1
30,1
143,1
20,1
140,1
85,1
88,1
117,1
139,1
46,1
88,1
99,1
42,1
58,1
69,1
4,1
133,1
122,1
128,1
114,1
45,1
140,1
135,1
114,1
117,1
110,1
31,1
4,1
24,1
128,1
6,1
106,1
66,1
6,1
142,1
123,1
100,1
15,1
69,1
88,1
54,1
75,1
6,1
25,1
43,1
118,1
130,1
146,1
24,1
4,1
111,1
29,1
112,1
77,1
84,1
97,1
61,1
4,1
74,1
115,1
88,1
127,1
66,1
57,1
49,1
66,1
0,1
4,1
3,1
101,1
77,1
114,1
15,1
21,1
94,1
41,1
72,1
19,1
38,1
85,1
18,1
139,1
89,1
0,1
58,1
83,1
12,1
123,1
14,1
13,1
103,1
85,1
36,1
9,1
123,1
147,1
121,1
144,1
125,1
87,1
130,1
88,1
54,1
144,1
94,1
3,1
49,1
110,1
154,1
90,1
117,1
76,1
103,1
39,1
23,1
6,1
142,1
20,1
18,1
97,1
132,1
136,1
129,1
46,1
114,1
124,1
54,1
85,1
69,1
19,1
127,1
29,1
88,1
26,1
35,1
4,1
5,1
144,1
16,1
88,1
130,1
110,1
70,1
133,1
93,1
127,1
2,1
45,1
129,1
135,1
149,1
6,1
36,1
1,1
134,1
54,1
97,1
14,1
77,1
7,1
7,1
12,1
5,1
37,1
27,1
36,1
107,1
70,1
59,1
133,1
143,1
116,1
88,1
128,1
88,1
88,1
125,1
142,1
19,1
26,1
39,1
137,1
27,1
16,1
132,1
6,1
88,1
64,1
42,1
4,1
79,1
22,1
92,1
91,1
88,1
69,1
134,1
102,1
134,1
128,1
10,1
139,1
59,1
119,1
109,1
103,1
123,1
143,1
88,1
121,1
49,1
122,1
137,1
105,1
64,1
42,1
124,1
97,1
150,1
82,1
14,1
143,1
68,1
12,1
28,1
142,1
12,1
130,1
104,1
13,1
13,1
70,1
90,1
13,1
32,1
88,1
50,1
109,1
117,1
123,1
154,1
44,1
150,1
21,1
13,1
44,1
76,1
32,1
148,1
67,1
7,1
47,1
42,1
10,1
33,1
148,1
48,1
108,1
78,1
19,1
123,1
60,1
18,1
12,1
126,1
8,1
102,1
77,1
27,1
54,1
108,1
32,1
70,1
4,1
77,1
148,1
102,1
120,1
100,1
2,1
97,1
42,1
5,1
117,1
8,1
59,1
99,1
52,1
90,1
22,1
17,1
123,1
47,1
10,1
107,1
46,1
0,1
121,1
69,1
127,1
85,1
30,1
142,1
28,1
47,1
19,1
94,1
88,1
30,1
106,1
60,1
102,1
131,1
142,1
45,1
84,1
36,1
41,1
66,1
108,1
26,1
150,1
119,1
98,1
106,1
63,1
79,1
41,1
128,1
95,1
59,1
23,1
3,1
142,1
45,1
110,1
66,1
52,1
22,1
34,1
61,1
128,1
116,1
88,1
46,1
65,1
73,1
73,1
141,1
127,1
128,1
115,1
60,1
2,1
73,1
124,1
112,1
137,1
49,1
101,1
97,1
11,1
55,1
17,1
95,1
147,1
103,1
97,1
46,1
2,1
59,1
85,1
45,1
88,1
15,1
122,1
1,1
46,1
11,1
15,1
31,1
99,1
38,1
65,1
138,1
74,1
108,1
127,1
93,1
71,1
123,1
33,1
76,1
140,1
69,1
146,1
118,1
85,1
140,1
66,1
47,1
111,1
60,1
1,1
40,1
118,1
35,1
143,1
73,1
0,1
93,1
42,1
111,1
6,1
25,1
120,1
18,1
145,1
31,1
124,1
11,1
119,1
130,1
50,1
87,1
138,1
56,1
10,1
117,1
14,1
57,1
90,1
146,1
88,1
0,1
139,1
93,1
67,1
78,1
7,1
150,1
44,1
17,1
133,1
82,1
15,1
54,1
1,1
57,1
111,1
73,1
61,1
65,1
143,1
4,1
120,1
98,1
71,1
89,1
18,1
54,1
100,1
36,1
70,1
46,1
87,1
7,1
11,1
39,1
43,1
117,1
110,1
131,1
128,1
106,1
44,1
1,1
18,1
123,1
76,1
71,1
48,1
88,1
17,1
120,1
100,1
101,1
88,1
36,1
88,1
88,1
41,1
137,1
153,1
50,1
145,1
47,1
123,1
95,1
129,1
4,1
31,1
30,1
45,1
47,1
120,1
91,1
45,1
140,1
32,1
59,1
75,1
128,1
18,1
7,1
97,1
127,1
25,1
127,1
41,1
5,1
88,1
128,1
67,1
100,1
126,1
64,1
142,1
89,1
122,1
134,1
89,1
4,1
36,1
49,1
72,1
82,1
85,1
68,1
14,1
141,1
133,1
146,1
70,1
17,1
40,1
143,1
14,1
28,1
134,1
46,1
36,1
71,1
74,1
112,1
46,1
37,1
18,1
48,1
149,1
128,1
33,1
15,1
115,1
16,1
12,1
4,1
25,1
4,1
89,1
0,1
48,1
98,1
25,1
7,1
52,1
142,1
27,1
67,1
103,1
142,1
149,1
47,1
30,1
91,1
137,1
72,1
11,1
133,1
105,1
62,1
74,1
47,1
81,1
12,1
33,1
26,1
150,1
45,1
88,1
115,1
88,1
79,1
12,1
41,1
7,1
23,1
97,1
30,1
131,1
47,1
60,1
83,1
88,1
95,1
66,1
94,1
112,1
83,1
25,1
31,1
114,1
142,1
66,1
72,1
142,1
83,1
18,1
54,1
57,1
144,1
101,1
10,1
20,1
90,1
137,1
128,1
68,1
96,1
47,1
88,1
61,1
16,1
19,1
56,1
115,1
105,1
36,1
0,1
40,1
18,1
80,1
49,1
91,1
142,1
50,1
11,1
82,1
121,1
58,1
88,1
114,1
21,1
128,1
45,1
92,1
91,1
142,1
87,1
104,1
125,1
22,1
0,1
22,1
40,1
88,1
149,1
141,1
10,1
73,1
128,1
137,1
149,1
71,1
117,1
71,1
25,1
93,1
149,1
120,1
42,1
150,1
60,1
144,1
0,1
92,1
128,1
3,1
32,1
91,1
46,1
142,1
96,1
0,1
36,1
133,1
102,1
124,1
71,1
39,1
21,1
29,1
150,1
3,1
68,1
26,1
77,1
108,1
64,1
20,1
114,1
54,1
57,1
2,1
7,1
30,1
128,1
15,1
26,1
0,1
39,1
142,1
144,1
4,1
1,1
88,1
131,1
39,1
91,1
86,1
71,1
88,1
91,1
137,1
151,1
60,1
0,1
97,1
112,1
113,1
100,1
143,1
134,1
47,1
26,1
47,1
47,1
73,1
133,1
97,1
70,1
87,1
67,1
57,1
117,1
20,1
139,1
121,1
24,1
99,1
104,1
59,1
75,1
97,1
30,1
22,1
8,1
47,1
148,1
109,1
111,1
128,1
5,1
26,1
121,1
74,1
37,1
146,1
31,1
151,1
58,1
26,1
2,1
116,1
30,1
7,1
104,1
39,1
105,1
133,1
126,1
125,1
15,1
127,1
127,1
125,1
79,1
23,1
46,1
97,1
145,1
46,1
128,1
89,1
105,1
20,1
150,1
87,1
70,1
105,1
110,1
111,1
42,1
86,1
24,1
41,1
12,1
69,1
73,1
9,1
26,1
144,1
106,1
14,1
145,1
135,1
104,1
1,1
88,1
22,1
49,1
77,1
116,1
90,1
120,1
27,1
14,1
68,1
122,1
17,1
102,1
148,1
59,1
142,1
16,1
40,1
21,1
106,1
36,1
94,1
12,1
139,1
98,1
143,1
142,1
123,1
87,1
97,1
105,1
21,1
104,1
132,1
142,1
44,1
46,1
119,1
101,1
11,1
102,1
12,1
1,1
142,1
129,1
100,1
142,1
44,1
44,1
104,1
148,1
19,1
0,1
20,1
142,1
100,1
8,1
70,1
90,1
120,1
134,1
101,1
134,1
24,1
140,1
55,1
128,1
71,1
18,1
28,1
124,1
86,1
32,1
127,1
111,1
11,1
120,1
91,1
35,1
116,1
45,1
95,1
11,1
53,1
3,1
130,1
20,1
45,1
88,1
127,1
38,1
137,1
106,1
11,1
116,1
122,1
2,1
34,1
100,1
98,1
64,1
132,1
10,1
30,1
116,1
114,1
57,1
120,1
60,1
110,1
4,1
61,1
103,1
136,1
125,1
6,1
49,1
46,1
46,1
136,1
29,1
31,1
129,1
23,1
33,1
50,1
135,1
6,1
58,1
36,1
117,1
54,1
30,1
151,1
24,1
23,1
45,1
3,1
15,1
0,1
111,1
131,1
129,1
106,1
143,1
93,1
28,1
137,1
3,1
37,1
128,1
95,1
97,1
45,1
2,1
127,1
120,1
88,1
142,1
123,1
133,1
111,1
88,1
123,1
103,1
30,1
37,1
27,1
5,1
68,1
95,1
44,1
118,1
132,1
28,1
73,1
48,1
106,1
45,1
2,1
22,1
98,1
97,1
62,1
59,1
97,1
150,1
12,1
123,1
109,1
64,1
46,1
128,1
54,1
71,1
10,1
28,1
97,1
29,1
92,1
128,1
142,1
99,1
134,1
133,1
12,1
131,1
6,1
20,1
103,1
115,1
137,1
46,1
114,1
87,1
84,1
49,1
119,1
25,1
64,1
151,1
128,1
133,1
107,1
135,1
2,1
110,1
39,1
66,1
5,1
120,1
66,1
137,1
138,1
20,1
88,1
15,1
12,1
31,1
43,1
17,1
141,1
143,1
87,1
101,1
83,1
106,1
92,1
68,1
149,1
102,1
141,1
119,1
113,1
56,1
30,1
59,1
88,1
111,1
117,1
115,1
31,1
39,1
34,1
88,1
96,1
5,1
17,1
74,1
81,1
49,1
55,1
26,1
91,1
33,1
142,1
97,1
112,1
65,1
37,1
47,1
86,1
41,1
18,1
78,1
56,1
109,1
92,1
30,1
99,1
97,1
28,1
23,1
89,1
12,1
46,1
130,1
79,1
116,1
12,1
33,1
42,1
31,1
53,1
79,1
16,1
146,1
97,1
128,1
20,1
28,1
68,1
80,1
46,1
117,1
29,1
35,1
99,1
40,1
121,1
124,1
57,1
5,1
88,1
90,1
87,1
123,1
46,1
42,1
115,1
25,1
120,1
39,1
11,1
139,1
97,1
132,1
95,1
146,1
104,1
10,1
153,1
106,1
48,1
4,1
29,1
39,1
52,1
118,1
139,1
42,1
90,1
88,1
151,1
133,1
36,1
37,1
32,1
45,1
30,1
122,1
19,1
88,1
50,1
113,1
142,1
29,1
51,1
127,1
37,1
129,1
148,1
135,1
150,1
81,1
117,1
138,1
149,1
82,1
4,1
27,1
149,1
56,1
1,1
60,1
128,1
134,1
31,1
144,1
129,1
133,1
93,1
65,1
54,1
134,1
102,1
73,1
64,1
64,1
15,1
88,1
10,1
88,1
89,1
141,1
88,1
2,1
35,1
153,1
122,1
14,1
18,1
94,1
16,1
33,1
88,1
107,1
149,1
146,1
142,1
133,1
46,1
123,1
45,1
14,1
117,1
123,1
115,1
57,1
71,1
56,1
75,1
111,1
35,1
89,1
20,1
36,1
85,1
104,1
129,1
92,1
38,1
127,1
137,1
102,1
125,1
106,1
73,1
126,1
76,1
44,1
3,1
91,1
132,1
88,1
52,1
92,1
116,1
1,1
76,1
22,1
29,1
134,1
78,1
10,1
48,1
50,1
144,1
47,1
92,1
82,1
55,1
123,1
94,1
123,1
82,1
129,1
41,1
2,1
50,1
37,1
17,1
30,1
128,1
114,1
65,1
53,1
32,1
2,1
61,1
88,1
14,1
129,1
134,1
129,1
88,1
75,1
1,1
123,1
45,1
48,1
149,1
130,1
124,1
6,1
127,1
9,1
65,1
97,1
123,1
25,1
78,1
134,1
90,1
50,1
28,1
73,1
2,1
16,1
47,1
85,1
114,1
97,1
63,1
68,1
47,1
62,1
88,1
121,1
124,1
115,1
69,1
10,1
102,1
22,1
19,1
21,1
75,1
146,1
132,1
39,1
47,1
151,1
105,1
2,1
124,1
88,1
123,1
131,1
47,1
22,1
66,1
31,1
138,1
13,1
133,1
49,1
12,1
79,1
61,1
120,1
107,1
122,1
128,1
128,1
24,1
48,1
60,1
71,1
5,1
4,1
150,1
123,1
101,1
71,1
26,1
71,1
48,1
16,1
118,1
128,1
63,1
14,1
5,1
102,1
57,1
47,1
145,1
72,1
75,1
86,1
5,1
0,1
36,1
46,1
48,1
47,1
25,1
44,1
48,1
47,1
149,1
6,1
100,1
46,1
32,1
142,1
36,1
113,1
14,1
131,1
30,1
62,1
38,1
13,1
131,1
45,1
47,1
105,1
150,1
97,1
7,1
32,1
134,1
85,1
9,1
57,1
7,1
117,1
120,1
63,1
97,1
32,1
118,1
113,1
128,1
128,1
142,1
100,1
83,1
27,1
89,1
80,1
33,1
88,1
149,1
41,1
76,1
106,1
130,1
88,1
37,1
142,1
130,1
24,1
131,1
21,1
73,1
119,1
134,1
23,1
134,1
34,1
87,1
17,1
88,1
123,1
123,1
134,1
18,1
25,1
36,1
55,1
142,1
124,1
143,1
88,1
38,1
36,1
108,1
117,1
139,1
88,1
40,1
80,1
93,1
20,1
112,1
99,1
140,1
123,1
93,1
135,1
30,1
121,1
71,1
113,1
42,1
62,1
22,1
70,1
99,1
94,1
126,1
40,1
20,1
110,1
130,1
20,1
117,1
56,1
128,1
22,1
46,1
57,1
44,1
47,1
34,1
88,1
84,1
106,1
46,1
66,1
73,1
21,1
47,1
7,1
131,1
22,1
65,1
146,1
137,1
122,1
20,1
142,1
70,1
140,1
122,1
134,1
109,1
25,1
6,1
97,1
4,1
148,1
13,1
12,1
71,1
143,1
103,1
107,1
0,1
44,1
73,1
28,1
7,1
34,1
151,1
49,1
106,1
134,1
119,1
22,1
52,1
22,1
43,1
140,1
50,1
86,1
123,1
117,1
87,1
28,1
47,1
84,1
44,1
104,1
129,1
123,1
48,1
113,1
6,1
110,1
23,1
142,1
149,1
4,1
111,1
59,1
0,1
137,1
33,1
132,1
121,1
144,1
59,1
50,1
152,1
128,1
134,1
109,1
24,1
111,1
38,1
53,1
4,1
28,1
31,1
5,1
88,1
42,1
46,1
3,1
131,1
106,1
15,1
53,1
142,1
47,1
95,1
7,1
46,1
50,1
86,1
141,1
65,1
119,1
78,1
54,1
28,1
25,1
88,1
78,1
127,1
150,1
53,1
86,1
118,1
7,1
2,1
95,1
142,1
43,1
76,1
37,1
103,1
93,1
118,1
46,1
30,1
88,1
128,1
79,1
58,1
59,1
9,1
11,1
16,1
12,1
27,1
149,1
122,1
122,1
43,1
127,1
111,1
134,1
25,1
28,1
139,1
146,1
144,1
88,1
39,1
88,1
145,1
30,1
53,1
41,1
40,1
66,1
117,1
46,1
100,1
142,1
118,1
141,1
71,1
81,1
147,1
88,1
68,1
6,1
41,1
108,1
116,1
57,1
56,1
33,1
127,1
110,1
113,1
77,1
134,1
101,1
128,1
41,1
56,1
120,1
143,1
55,1
82,1
55,1
85,1
47,1
118,1
104,1
42,1
64,1
5,1
33,1
133,1
132,1
129,1
88,1
68,1
47,1
120,1
100,1
77,1
62,1
139,1
122,1
88,1
12,1
71,1
15,1
66,1
85,1
136,1
33,1
18,1
66,1
12,1
122,1
128,1
98,1
26,1
74,1
138,1
10,1
124,1
58,1
4,1
123,1
21,1
29,1
127,1
57,1
19,1
54,1
29,1
66,1
88,1
47,1
146,1
128,1
57,1
59,1
111,1
27,1
107,1
143,1
62,1
128,1
88,1
46,1
54,1
140,1
6,1
134,1
54,1
63,1
82,1
130,1
74,1
28,1
112,1
97,1
97,1
83,1
27,1
143,1
143,1
81,1
21,1
16,1
107,1
78,1
100,1
17,1
88,1
69,1
88,1
37,1
13,1
139,1
50,1
31,1
104,1
64,1
16,1
125,1
149,1
57,1
42,1
98,1
11,1
129,1
87,1
42,1
111,1
149,1
149,1
88,1
85,1
114,1
111,1
30,1
108,1
21,1
99,1
122,1
36,1
113,1
115,1
107,1
19,1
147,1
75,1
88,1
113,1
46,1
20,1
35,1
115,1
31,1
134,1
47,1
80,1
52,1
128,1
12,1
103,1
135,1
45,1
142,1
110,1
116,1
141,1
59,1
142,1
149,1
57,1
88,1
90,1
150,1
26,1
146,1
5,1
31,1
87,1
44,1
20,1
2,1
146,1
127,1
133,1
94,1
118,1
20,1
45,1
88,1
87,1
128,1
112,1
6,1
20,1
134,1
89,1
37,1
139,1
46,1
137,1
100,1
29,1
107,1
57,1
120,1
64,1
42,1
85,1
26,1
97,1
15,1
11,1
87,1
28,1
88,1
151,1
71,1
33,1
7,1
60,1
6,1
67,1
71,1
141,1
47,1
62,1
42,1
103,1
140,1
48,1
97,1
94,1
0,1
33,1
150,1
154,1
33,1
88,1
12,1
48,1
2,1
9,1
37,1
54,1
47,1
23,1
33,1
103,1
32,1
102,1
50,1
140,1
143,1
116,1
52,1
85,1
78,1
127,1
23,1
79,1
135,1
78,1
135,1
46,1
34,1
33,1
88,1
72,1
42,1
69,1
23,1
44,1
47,1
137,1
88,1
127,1
87,1
16,1
89,1
123,1
107,1
82,1
128,1
34,1
50,1
101,1
74,1
88,1
108,1
106,1
90,1
26,1
130,1
4,1
93,1
100,1
71,1
9,1
18,1
34,1
135,1
75,1
0,1
14,1
46,1
92,1
134,1
142,1
40,1
97,1
40,1
59,1
95,1
31,1
151,1
88,1
53,1
88,1
72,1
6,1
146,1
0,1
150,1
110,1
81,1
11,1
131,1
77,1
88,1
56,1
57,1
62,1
46,1
35,1
28,1
17,1
100,1
114,1
47,1
46,1
126,1
99,1
83,1
89,1
120,1
6,1
62,1
6,1
94,1
139,1
148,1
57,1
72,1
5,1
34,1
119,1
33,1
93,1
98,1
123,1
1,1
117,1
136,1
4,1
34,1
79,1
58,1
119,1
90,1
31,1
76,1
9,1
88,1
12,1
86,1
67,1
70,1
31,1
123,1
12,1
47,1
129,1
47,1
154,1
12,1
70,1
0,1
31,1
78,1
127,1
141,1
29,1
31,1
116,1
34,1
105,1
143,1
132,1
111,1
74,1
117,1
143,1
131,1
74,1
88,1
0,1
112,1
47,1
63,1
71,1
82,1
97,1
141,1
123,1
50,1
138,1
19,1
81,1
151,1
127,1
79,1
114,1
114,1
6,1
75,1
26,1
0,1
84,1
19,1
118,1
98,1
26,1
142,1
69,1
130,1
61,1
42,1
143,1
142,1
153,1
131,1
113,1
71,1
130,1
72,1
69,1
146,1
75,1
9,1
80,1
50,1
111,1
88,1
127,1
69,1
12,1
31,1
103,1
91,1
128,1
142,1
95,1
12,1
97,1
9,1
36,1
62,1
148,1
47,1
39,1
32,1
128,1
3,1
59,1
65,1
59,1
79,1
7,1
43,1
142,1
45,1
16,1
130,1
128,1
152,1
36,1
137,1
123,1
12,1
5,1
88,1
97,1
144,1
41,1
124,1
2,1
123,1
12,1
35,1
48,1
12,1
9,1
24,1
136,1
132,1
133,1
46,1
53,1
76,1
47,1
134,1
101,1
90,1
60,1
149,1
27,1
65,1
68,1
66,1
6,1
78,1
22,1
46,1
11,1
91,1
141,1
92,1
40,1
40,1
0,1
115,1
80,1
21,1
134,1
114,1
23,1
20,1
57,1
30,1
41,1
57,1
129,1
2,1
82,1
123,1
72,1
38,1
142,1
44,1
48,1
72,1
102,1
133,1
84,1
123,1
5,1
96,1
128,1
128,1
100,1
119,1
24,1
20,1
90,1
119,1
69,1
33,1
139,1
130,1
22,1
31,1
26,1
130,1
128,1
81,1
14,1
102,1
44,1
57,1
88,1
58,1
38,1
126,1
17,1
122,1
21,1
28,1
106,1
13,1
74,1
88,1
115,1
44,1
69,1
56,1
34,1
135,1
103,1
24,1
47,1
118,1
4,1
32,1
88,1
5,1
136,1
122,1
119,1
61,1
86,1
68,1
85,1
104,1
73,1
147,1
146,1
122,1
12,1
27,1
41,1
78,1
46,1
27,1
122,1
142,1
67,1
64,1
5,1
70,1
144,1
103,1
46,1
36,1
1,1
47,1
143,1
76,1
130,1
49,1
37,1
122,1
112,1
120,1
88,1
129,1
52,1
98,1
78,1
45,1
84,1
69,1
9,1
135,1
118,1
2,1
148,1
49,1
11,1
46,1
34,1
142,1
57,1
46,1
128,1
60,1
142,1
86,1
90,1
67,1
92,1
39,1
88,1
41,1
92,1
5,1
88,1
37,1
55,1
41,1
20,1
33,1
24,1
140,1
63,1
23,1
12,1
71,1
138,1
122,1
137,1
5,1
31,1
0,1
150,1
29,1
122,1
72,1
104,1
72,1
11,1
3,1
118,1
120,1
128,1
30,1
110,1
132,1
82,1
34,1
87,1
72,1
14,1
0,1
142,1
107,1
45,1
142,1
71,1
123,1
33,1
4,1
93,1
46,1
142,1
110,1
48,1
67,1
73,1
84,1
129,1
56,1
48,1
57,1
98,1
42,1
48,1
100,1
142,1
29,1
31,1
61,1
117,1
14,1
6,1
128,1
88,1
99,1
139,1
31,1
45,1
29,1
49,1
2,1
136,1
88,1
19,1
73,1
20,1
53,1
88,1
132,1
59,1
107,1
4,1
0,1
1,1
123,1
108,1
67,1
53,1
50,1
128,1
88,1
46,1
151,1
143,1
67,1
60,1
118,1
92,1
68,1
111,1
64,1
30,1
85,1
46,1
59,1
137,1
128,1
35,1
88,1
31,1
88,1
102,1
88,1
0,1
11,1
46,1
128,1
2,1
55,1
5,1
22,1
23,1
122,1
47,1
136,1
7,1
8,1
116,1
68,1
47,1
143,1
136,1
144,1
128,1
143,1
129,1
70,1
54,1
93,1
137,1
66,1
5,1
44,1
99,1
8,1
138,1
57,1
122,1
13,1
19,1
87,1
101,1
44,1
43,1
45,1
67,1
22,1
70,1
49,1
122,1
110,1
41,1
115,1
2,1
141,1
100,1
140,1
47,1
148,1
22,1
88,1
150,1
36,1
121,1
88,1
5,1
56,1
1,1
63,1
58,1
142,1
33,1
113,1
39,1
44,1
107,1
68,1
18,1
66,1
65,1
82,1
122,1
110,1
72,1
51,1
145,1
121,1
12,1
122,1
36,1
124,1
114,1
72,1
133,1
31,1
4,1
116,1
54,1
97,1
76,1
130,1
41,1
99,1
144,1
56,1
97,1
28,1
61,1
45,1
44,1
7,1
108,1
71,1
38,1
115,1
15,1
62,1
88,1
5,1
27,1
39,1
106,1
113,1
30,1
127,1
23,1
36,1
127,1
88,1
29,1
151,1
128,1
88,1
42,1
104,1
90,1
101,1
132,1
123,1
47,1
137,1
142,1
44,1
96,1
34,1
143,1
101,1
130,1
140,1
23,1
36,1
58,1
97,1
45,1
137,1
79,1
29,1
60,1
117,1
18,1
104,1
0,1
30,1
122,1
87,1
120,1
58,1
17,1
67,1
107,1
20,1
88,1
128,1
84,1
66,1
116,1
117,1
38,1
134,1
24,1
114,1
8,1
117,1
122,1
99,1
57,1
53,1
19,1
97,1
52,1
142,1
3,1
112,1
39,1
110,1
119,1
88,1
28,1
111,1
20,1
90,1
23,1
94,1
23,1
146,1
116,1
32,1
131,1
58,1
49,1
139,1
12,1
67,1
136,1
135,1
101,1
142,1
7,1
9,1
81,1
127,1
93,1
49,1
123,1
86,1
47,1
47,1
128,1
133,1
22,1
42,1
2,1
62,1
52,1
114,1
76,1
107,1
58,1
19,1
75,1
88,1
151,1
6,1
117,1
152,1
83,1
77,1
42,1
40,1
23,1
29,1
132,1
39,1
88,1
133,1
30,1
133,1
67,1
99,1
1,1
121,1
98,1
123,1
18,1
31,1
25,1
41,1
40,1
28,1
0,1
23,1
108,1
65,1
126,1
12,1
149,1
50,1
145,1
55,1
128,1
48,1
144,1
98,1
103,1
55,1
17,1
8,1
99,1
124,1
19,1
77,1
106,1
121,1
125,1
65,1
3,1
135,1
102,1
13,1
69,1
23,1
147,1
33,1
71,1
13,1
88,1
71,1
143,1
87,1
6,1
9,1
85,1
101,1
134,1
142,1
88,1
32,1
115,1
137,1
72,1
122,1
115,1
50,1
130,1
68,1
72,1
147,1
134,1
100,1
117,1
140,1
134,1
124,1
4,1
25,1
16,1
22,1
88,1
60,1
120,1
69,1
14,1
60,1
140,1
36,1
46,1
39,1
17,1
97,1
17,1
41,1
115,1
56,1
103,1
89,1
144,1
33,1
11,1
92,1
86,1
117,1
148,1
129,1
62,1
122,1
38,1
7,1
133,1
29,1
99,1
88,1
137,1
128,1
47,1
70,1
34,1
142,1
118,1
133,1
108,1
134,1
51,1
90,1
69,1
117,1
88,1
71,1
5,1
88,1
131,1
114,1
51,1
72,1
11,1
150,1
54,1
78,1
127,1
129,1
67,1
142,1
89,1
56,1
77,1
36,1
23,1
150,1
127,1
88,1
106,1
11,1
46,1
2,1
111,1
55,1
146,1
53,1
88,1
56,1
146,1
62,1
29,1
110,1
6,1
6,1
66,1
50,1
146,1
18,1
142,1
116,1
25,1
95,1
53,1
101,1
35,1
56,1
136,1
71,1
142,1
66,1
48,1
128,1
46,1
15,1
119,1
85,1
124,1
16,1
65,1
12,1
123,1
88,1
33,1
24,1
151,1
72,1
6,1
92,1
42,1
144,1
132,1
108,1
107,1
62,1
106,1
97,1
149,1
74,1
149,1
127,1
