136,138
113,113
127,127
130,130
145,15
134,133
59,59
76,79
105,105
133,52
24,41
122,71
58,58
133,141
116,37
125,36
5,5
56,56
18,33
130,130
8,20
25,121
119,119
68,68
84,88
28,28
135,135
26,26
145,14
87,87
144,67
40,61
124,122
1,1
81,95
0,0
143,143
19,22
100,100
75,75
144,144
28,28
59,59
53,123
141,66
98,98
17,5
127,49
46,46
33,150
122,142
139,139
104,104
45,56
89,97
127,114
55,65
39,39
32,32
140,17
146,146
49,49
133,138
123,123
146,146
150,150
106,106
9,9
64,5
63,65
150,150
114,114
85,79
73,73
34,13
7,7
151,65
12,12
129,6
144,47
71,71
45,42
57,57
145,144
7,123
116,0
64,149
130,97
54,124
4,4
135,96
146,146
133,45
117,117
63,63
133,59
22,22
24,24
151,151
20,11
136,138
57,57
117,26
40,43
62,116
110,110
85,85
145,145
133,32
120,120
148,148
51,52
82,86
48,8
48,25
10,144
117,117
28,28
29,50
151,154
25,127
140,140
37,37
150,128
140,150
136,136
118,103
108,18
46,46
137,137
88,75
24,43
19,19
9,9
24,65
102,102
124,48
8,129
57,150
14,14
108,104
120,120
87,74
130,76
109,103
57,57
34,34
46,46
125,62
17,124
85,78
90,90
60,60
72,139
71,66
25,25
120,120
5,5
71,27
54,123
127,127
133,62
128,141
8,0
29,4
21,21
39,112
112,112
125,36
18,18
112,112
85,98
92,92
60,34
110,110
11,11
115,115
88,94
116,116
109,109
45,62
65,71
102,102
117,149
82,148
149,137
0,0
61,136
109,109
46,110
85,85
73,73
97,97
17,17
116,129
101,121
54,54
128,72
56,56
110,110
87,87
104,104
125,64
115,115
125,24
28,47
45,14
73,73
29,151
88,143
11,11
143,131
7,7
22,38
29,53
47,47
114,114
68,25
2,31
63,63
33,33
133,70
43,112
134,75
72,18
142,142
26,115
2,37
72,72
5,28
127,9
57,153
62,3
127,5
1,1
37,65
64,64
21,56
20,152
95,95
103,103
94,94
41,18
19,19
46,121
112,112
142,142
9,28
22,72
0,64
128,72
109,109
12,112
130,146
130,6
21,21
154,149
6,48
94,94
113,113
83,98
39,100
34,36
41,40
4,140
84,74
13,13
23,60
60,60
95,95
42,42
69,69
66,66
42,31
39,116
142,138
27,27
26,116
143,66
119,119
12,12
118,118
5,144
93,131
76,95
152,152
130,44
99,105
116,116
131,90
80,83
18,51
99,99
133,35
95,83
117,117
116,115
100,100
78,146
133,130
128,100
110,106
62,62
20,72
78,78
128,54
124,122
133,93
16,16
10,34
108,108
111,55
74,74
36,36
141,141
116,26
24,24
77,98
1,1
77,77
79,86
69,69
59,59
83,83
59,59
97,97
32,32
40,105
8,8
111,58
130,82
34,34
90,90
131,131
40,43
55,110
145,67
46,56
141,141
54,54
127,37
102,5
77,86
115,115
4,61
8,8
88,88
126,126
148,74
32,35
149,149
83,83
107,107
114,114
146,146
146,146
17,0
129,129
132,132
143,114
151,51
144,144
2,2
61,61
6,6
12,147
11,11
30,143
113,113
23,23
3,3
9,70
113,113
127,10
86,80
53,53
70,67
66,141
22,45
122,124
52,52
9,1
77,95
93,93
53,53
135,135
49,21
35,41
85,77
29,141
31,31
133,20
148,148
28,28
17,129
154,145
52,52
121,49
65,145
143,67
111,111
43,38
44,44
67,37
82,96
76,76
90,90
143,111
147,147
119,119
9,9
47,102
108,108
121,121
142,58
89,97
3,45
151,101
42,20
22,22
106,106
97,135
32,32
72,72
17,138
24,24
151,151
32,32
4,4
133,107
123,71
59,59
52,52
151,128
150,50
116,116
70,70
53,142
142,11
109,118
54,54
57,12
13,34
49,99
33,33
110,110
30,61
84,88
62,70
127,46
52,41
72,139
122,53
68,68
6,35
57,57
57,57
23,20
31,31
133,23
24,64
2,30
32,32
64,0
109,97
130,95
145,145
145,144
39,39
75,75
36,62
121,121
125,36
31,38
37,15
28,28
108,112
60,60
92,92
79,135
128,151
153,12
126,126
133,150
33,33
52,49
40,118
100,59
135,135
10,25
46,127
7,46
90,90
20,3
24,37
19,154
150,22
42,42
132,132
22,21
42,24
50,121
120,113
15,2
135,135
115,115
54,149
128,40
37,30
54,109
87,81
12,12
100,100
115,115
19,19
127,39
58,58
39,151
100,100
47,33
83,36
74,91
88,88
75,76
55,110
121,63
86,131
22,22
150,11
68,69
48,28
29,29
40,41
61,41
148,148
74,93
124,123
87,148
142,20
101,101
113,140
133,111
127,127
102,109
47,125
145,42
90,90
95,95
31,35
89,94
123,123
149,149
123,101
22,22
99,99
142,138
90,91
92,92
32,32
48,9
75,88
61,61
48,27
36,36
128,46
63,66
5,33
80,90
56,109
150,70
50,49
79,79
84,88
80,80
39,115
102,102
39,39
30,37
128,142
26,26
88,36
44,44
142,123
125,125
41,45
80,96
145,145
153,42
46,0
62,121
113,113
36,140
75,130
67,67
91,91
109,56
8,48
94,94
100,100
33,48
55,110
130,134
29,29
27,27
133,1
44,10
97,11
137,114
4,4
57,43
23,51
67,67
137,151
32,32
12,12
151,105
64,64
104,104
79,79
76,95
150,38
6,31
139,139
135,87
127,127
133,146
127,141
6,127
111,111
68,63
2,69
20,103
32,10
128,128
13,13
50,138
13,14
55,55
133,121
130,33
130,135
7,7
52,63
152,152
142,143
133,13
153,126
0,0
76,85
96,96
144,144
133,26
20,124
145,15
54,54
133,132
134,76
6,71
117,73
149,149
6,54
88,92
20,20
78,81
7,113
36,68
116,116
77,98
133,112
52,52
142,4
130,146
139,73
49,108
105,105
102,34
145,145
102,18
28,28
75,81
11,11
100,100
0,19
51,51
94,94
10,10
16,16
139,129
73,39
52,50
77,83
139,143
60,147
131,93
57,38
106,106
133,133
104,58
133,54
6,7
56,56
80,96
20,123
128,137
93,97
83,80
37,37
86,86
45,45
30,108
8,28
126,154
1,1
35,35
39,27
133,6
130,85
96,96
0,41
122,141
33,33
88,29
12,11
133,118
133,93
63,48
123,45
6,6
145,67
53,53
59,59
93,93
90,90
4,4
23,3
15,18
137,137
74,96
88,88
29,4
108,21
119,119
75,75
59,59
34,35
29,71
52,51
104,104
23,23
52,52
22,39
106,129
108,108
117,117
54,142
37,37
25,25
145,14
111,111
48,25
31,31
122,71
78,81
142,28
128,128
51,50
61,103
118,24
118,118
131,130
133,133
45,48
6,6
42,152
95,79
8,48
7,7
89,75
97,97
140,35
127,121
51,51
92,92
134,84
58,59
20,22
117,113
68,68
122,4
76,28
6,58
49,66
99,105
133,57
84,85
133,4
33,126
144,144
13,59
43,113
127,127
127,64
99,106
92,92
1,68
132,132
106,106
106,139
125,45
133,109
149,149
76,76
30,108
109,109
150,149
123,40
89,89
133,100
109,103
126,126
75,89
110,101
72,72
77,77
110,110
33,63
66,66
133,115
24,0
114,114
143,102
88,88
110,101
85,131
139,139
12,11
29,71
61,20
128,124
110,110
124,124
51,52
120,119
66,66
32,42
85,80
10,9
53,9
103,103
116,118
144,144
94,94
54,137
83,134
34,25
146,146
52,35
88,88
105,105
32,32
88,41
17,20
61,61
57,127
47,62
144,15
74,79
24,48
133,10
110,110
54,54
102,74
76,76
58,58
133,30
115,115
120,120
91,132
97,146
121,61
130,42
10,10
95,95
133,134
128,126
26,26
60,60
93,93
148,89
151,151
20,20
55,55
75,90
12,12
94,89
15,47
25,9
137,137
10,10
78,80
23,21
15,15
31,40
47,47
38,44
153,153
70,70
16,16
133,103
153,29
149,13
106,111
104,99
104,52
59,152
52,71
120,109
15,2
141,20
60,29
61,60
59,59
134,89
123,9
76,76
142,29
44,44
100,17
71,136
63,63
22,22
149,46
39,40
107,117
96,96
109,109
117,117
10,154
137,137
110,73
12,9
7,139
95,95
83,83
66,66
88,146
81,95
11,11
60,60
86,81
142,71
130,81
126,126
87,87
23,23
62,30
22,23
31,31
13,13
133,30
78,74
151,151
103,109
36,29
145,145
42,122
64,30
47,47
75,75
48,10
6,73
97,133
122,141
99,99
149,12
10,9
23,23
108,108
77,87
20,20
58,100
56,106
97,96
94,94
80,80
145,145
75,80
142,55
106,106
130,76
91,91
122,151
107,107
17,102
46,123
126,140
94,94
88,88
46,26
133,80
139,143
45,45
75,75
57,10
77,77
72,30
105,113
29,15
130,87
44,53
28,145
20,20
6,46
116,115
141,44
115,115
143,143
150,65
121,121
57,57
36,36
65,72
85,74
66,66
129,101
109,58
128,128
122,122
32,32
43,108
127,103
22,22
144,101
0,0
112,112
61,22
110,110
58,58
131,131
6,11
128,54
48,8
113,105
60,3
119,119
47,125
74,86
104,62
150,24
134,82
2,2
40,41
55,110
145,65
104,47
146,146
126,62
133,152
123,39
11,11
70,36
139,139
118,102
15,0
46,46
38,38
23,23
114,129
133,116
29,29
85,85
126,17
17,150
136,68
127,36
100,28
21,21
127,127
129,129
126,10
133,115
116,21
34,24
97,94
103,103
42,42
46,46
3,3
114,2
133,122
154,66
52,109
17,149
70,70
133,69
64,152
43,40
13,13
34,144
18,105
52,52
83,83
51,54
19,19
119,55
60,60
95,95
133,26
116,113
49,152
133,22
54,4
133,17
5,38
11,11
45,45
151,151
148,148
54,54
142,137
107,23
52,49
129,129
20,3
133,84
0,153
91,98
27,65
62,62
119,119
102,18
64,5
49,49
72,109
142,68
31,14
18,18
105,105
99,99
136,136
124,54
127,68
145,110
100,100
53,68
59,104
146,135
146,77
31,72
57,150
30,30
30,62
70,58
22,23
101,101
62,125
116,31
140,5
96,96
28,28
22,22
124,53
1,125
52,49
133,49
81,93
114,143
105,105
139,138
115,117
102,99
94,94
74,74
5,17
41,41
45,21
32,28
47,47
72,17
58,103
45,60
30,38
46,46
107,107
116,16
29,4
77,77
133,12
87,74
85,85
33,33
144,145
135,135
94,94
133,71
127,1
47,62
68,71
29,121
133,147
19,113
6,29
111,105
35,35
111,111
127,127
42,129
36,36
123,12
138,138
72,34
31,125
1,1
51,154
10,25
76,86
150,150
82,82
59,59
145,136
130,78
32,32
94,94
12,11
58,38
99,73
3,149
130,132
137,126
47,15
128,106
53,29
96,96
9,9
59,23
65,65
133,32
8,57
18,18
34,126
8,17
35,154
101,101
148,148
150,152
122,122
41,41
27,27
87,78
57,105
92,92
9,100
76,75
133,16
106,106
64,68
35,5
6,6
127,60
88,84
128,62
12,16
138,4
30,151
55,110
88,133
100,100
57,57
28,154
133,148
130,56
5,42
0,64
83,83
26,22
74,86
37,39
133,133
32,32
16,16
133,120
85,85
120,105
130,81
88,98
71,71
145,27
109,57
131,82
128,137
146,74
17,43
141,152
29,50
5,103
129,129
37,147
29,50
91,91
44,45
42,42
141,36
102,72
74,131
142,53
71,52
61,4
91,91
13,13
57,57
28,3
114,19
18,18
133,96
132,132
9,9
80,80
109,109
87,130
42,44
142,142
136,138
8,8
71,51
125,36
123,153
144,144
141,141
148,86
17,5
80,80
128,145
144,34
85,89
11,111
136,137
133,142
34,13
28,28
108,108
138,138
69,69
9,9
81,148
127,123
134,134
113,113
16,16
118,118
116,116
128,56
98,78
107,107
11,11
100,21
58,58
17,140
44,44
110,55
4,52
59,152
51,3
147,147
59,59
127,53
154,140
37,37
39,99
66,66
89,89
29,29
14,14
34,34
142,34
127,11
133,95
1,1
103,58
120,113
63,71
89,94
104,104
94,131
42,42
142,33
133,11
103,103
133,6
47,109
3,39
64,34
110,105
23,141
77,77
132,132
14,145
133,31
133,142
2,2
22,22
5,34
44,9
72,72
115,115
19,19
47,153
70,70
82,82
137,138
69,21
27,41
18,18
59,59
59,59
133,135
72,72
8,144
72,24
26,26
114,143
93,93
77,91
108,108
21,21
75,135
31,31
125,40
35,35
127,127
44,32
133,116
133,53
21,21
5,5
38,115
31,31
107,120
128,136
72,32
125,125
123,121
123,152
45,24
25,8
84,74
36,36
100,100
148,148
3,61
112,112
143,143
86,83
75,85
95,95
49,52
23,121
133,4
10,10
149,19
100,43
7,141
149,149
78,78
112,112
109,109
8,8
81,81
19,19
0,0
106,106
142,137
79,88
146,146
32,32
60,60
47,32
127,21
57,40
29,137
86,133
12,18
47,47
67,67
46,6
21,21
141,50
84,85
16,16
55,55
13,14
29,29
80,80
107,107
133,106
10,25
9,10
32,32
108,108
142,22
21,5
115,115
133,124
82,82
134,75
33,62
72,38
9,9
33,33
154,154
22,22
84,84
111,111
8,8
56,56
128,53
39,39
142,142
133,102
83,83
127,71
65,141
4,31
98,87
17,104
141,43
90,90
77,77
49,0
1,1
104,104
143,104
25,25
128,137
30,41
145,10
105,105
133,139
39,118
131,79
134,134
122,49
9,9
84,85
32,32
38,10
6,6
72,48
84,89
88,88
90,90
35,145
145,71
57,129
133,122
146,133
12,12
78,93
100,39
20,5
82,77
114,114
144,15
98,98
32,32
110,55
30,30
48,48
109,53
49,49
3,3
130,130
61,138
66,66
65,70
30,30
128,151
144,34
152,152
75,75
56,56
2,2
88,85
80,82
98,98
51,141
29,49
133,34
136,52
11,11
107,107
10,9
89,89
133,59
20,121
132,132
100,64
151,151
124,46
13,13
49,121
66,25
62,68
27,27
73,73
57,11
62,65
145,24
24,24
69,69
22,109
134,134
99,99
90,91
122,47
133,80
13,15
27,27
4,4
126,126
43,24
133,134
64,150
150,28
84,84
133,14
53,52
77,84
11,11
46,46
7,7
76,76
57,25
68,68
88,85
44,44
89,82
133,133
27,27
7,69
82,148
117,117
100,57
58,58
86,86
31,24
133,124
129,129
130,68
34,34
76,76
15,15
49,50
117,26
133,136
58,58
50,33
52,6
131,94
123,50
58,21
95,95
141,105
98,98
2,113
130,47
79,79
88,88
145,145
133,72
72,72
81,86
112,112
99,73
71,63
133,79
109,103
60,60
35,35
134,96
67,70
133,22
112,119
133,27
79,79
124,49
94,97
82,74
133,148
151,15
41,41
130,146
140,17
3,3
23,23
124,124
129,70
49,49
133,145
95,86
122,122
2,120
50,29
129,26
133,42
133,2
46,46
92,92
111,55
122,136
119,107
104,104
114,0
87,79
131,97
11,11
73,117
91,91
146,130
50,51
111,111
137,137
130,134
64,5
133,108
137,5
142,0
26,149
68,29
73,73
42,70
38,40
141,6
126,126
60,20
100,33
12,12
45,63
119,119
99,99
128,151
15,15
133,28
87,87
69,125
4,4
19,19
71,58
49,56
88,85
104,104
85,85
4,4
76,89
40,40
153,111
95,81
120,120
99,99
57,46
106,106
48,48
14,14
133,118
151,123
71,122
116,56
35,35
67,67
145,32
109,109
10,10
96,135
126,126
60,60
127,22
84,93
125,70
45,31
6,127
26,31
133,7
4,4
99,99
34,34
114,55
69,69
100,145
95,76
101,58
89,97
59,20
40,41
52,124
39,39
73,6
144,144
89,133
120,120
96,75
140,140
131,131
99,99
50,107
102,102
132,89
115,115
86,90
85,85
141,29
114,114
151,54
108,24
55,55
35,16
69,69
8,21
108,108
49,50
15,62
33,33
68,68
151,52
91,91
100,126
142,142
6,50
34,34
61,153
148,148
3,23
20,20
10,10
133,68
6,57
25,38
30,68
84,81
94,94
52,72
109,56
107,58
102,101
127,10
107,107
120,101
1,1
103,103
99,73
72,72
98,98
133,70
80,80
127,12
31,31
5,72
118,118
47,47
11,11
37,2
73,139
84,85
108,64
40,40
122,124
70,70
119,119
91,98
127,4
33,33
88,65
139,139
44,12
14,14
120,120
38,38
80,78
123,117
12,12
88,114
140,140
133,137
52,58
66,66
27,27
57,51
33,33
64,28
54,54
30,127
98,62
131,93
151,126
133,3
133,140
76,80
6,6
114,50
87,83
133,91
127,38
127,3
36,36
44,48
109,109
38,39
69,39
84,84
57,57
127,70
142,142
112,112
62,62
24,40
150,23
127,127
123,126
138,138
58,45
115,115
47,150
143,143
109,147
125,40
29,30
16,16
9,3
97,86
75,84
128,72
18,18
71,71
26,26
50,50
109,150
45,45
38,38
133,116
144,63
114,32
128,122
22,22
22,22
128,34
22,22
137,137
133,133
45,25
12,12
114,73
44,44
122,124
82,96
88,76
128,0
140,16
28,153
21,3
6,6
119,119
66,22
29,71
128,55
74,74
70,34
119,19
68,62
61,61
88,33
17,149
123,40
66,150
81,81
116,116
75,75
48,48
75,75
82,82
71,138
32,109
129,129
11,11
142,37
12,69
130,77
112,40
17,126
27,39
117,5
80,80
27,27
94,94
55,110
133,77
54,4
32,63
43,38
109,80
77,77
55,55
35,35
