138,138
113,113
127,127
130,130
13,15
134,133
59,59
79,79
105,105
133,52
40,41
151,71
58,58
88,141
117,37
36,36
17,5
56,56
102,33
130,130
127,20
30,121
119,119
68,68
84,88
28,28
135,135
26,26
14,14
87,87
102,67
27,61
124,122
1,1
146,95
0,0
143,143
0,22
100,100
75,75
145,144
28,28
59,59
128,123
53,66
98,98
149,5
49,49
46,46
137,150
142,142
0,139
104,104
45,56
148,97
0,114
117,65
39,39
32,32
149,17
70,146
49,49
48,138
124,123
146,146
150,150
114,106
10,9
109,5
3,65
150,150
114,114
76,79
73,73
13,13
4,7
37,65
12,12
100,6
144,47
69,71
45,42
57,57
145,144
121,123
34,0
124,149
146,97
49,124
4,4
79,96
146,146
133,45
117,117
63,63
48,59
22,22
24,24
151,151
11,11
136,138
57,57
117,26
43,43
20,116
55,110
85,85
145,145
133,32
120,120
148,148
125,52
82,86
28,8
48,25
113,144
117,117
48,28
4,50
137,154
25,127
140,140
37,37
6,128
118,150
136,136
118,103
111,18
46,46
138,137
84,75
40,43
19,19
9,9
40,65
102,102
30,48
102,129
8,150
14,14
47,104
120,120
86,74
132,76
58,103
57,57
34,34
46,46
36,62
46,124
75,78
90,90
60,60
68,139
69,66
25,25
120,120
5,5
136,27
60,123
149,127
133,62
128,141
150,0
29,4
21,21
147,112
112,112
36,36
18,18
112,112
89,98
92,92
37,34
106,110
11,11
115,115
88,94
116,116
109,109
68,62
71,71
102,102
117,149
148,148
53,137
0,0
128,136
109,109
128,110
84,85
73,73
97,97
43,17
115,129
126,121
54,54
60,72
56,56
46,110
87,87
104,104
125,64
115,115
24,24
88,47
23,14
143,73
128,151
88,143
11,11
74,131
23,7
59,38
7,53
47,47
114,114
138,25
113,31
63,63
33,33
48,70
72,112
97,75
38,18
142,142
26,115
2,37
72,72
100,28
127,9
32,153
63,3
141,5
1,1
37,65
40,64
21,56
138,152
95,95
103,103
133,94
113,18
19,19
69,121
112,112
71,142
28,28
23,72
64,64
128,72
109,109
12,112
146,146
30,6
21,21
32,149
136,48
94,94
113,113
83,98
31,100
24,36
40,40
66,140
86,74
13,13
88,60
60,60
95,95
42,42
69,69
66,66
101,31
116,116
71,138
27,27
39,116
46,66
112,119
12,12
33,118
88,144
131,131
74,95
152,152
30,44
120,105
116,116
90,90
80,83
47,51
99,99
48,35
78,83
19,117
115,115
100,100
146,146
133,130
128,100
102,106
62,62
120,72
78,78
128,54
122,122
133,93
16,16
28,34
108,108
110,55
146,74
36,36
141,141
116,26
24,24
78,98
1,1
77,77
79,86
69,69
59,59
83,83
59,59
95,97
32,32
107,105
8,8
58,58
130,82
34,34
77,90
131,131
19,43
55,110
34,67
124,56
141,141
54,54
128,37
112,5
146,86
116,115
37,61
8,8
88,88
126,126
130,74
32,35
149,149
83,83
107,107
114,114
74,146
146,146
16,0
26,129
132,132
143,114
53,51
144,144
2,2
61,61
4,6
6,147
11,11
69,143
113,113
23,23
3,3
9,70
113,113
28,10
86,80
53,53
70,67
61,141
150,45
124,124
4,52
9,1
95,95
130,93
51,53
135,135
128,21
73,41
95,77
29,141
2,31
133,20
87,148
28,28
5,129
153,145
71,52
71,49
11,145
46,67
111,111
127,38
44,44
67,37
89,96
86,76
90,90
110,111
42,147
119,119
53,9
33,102
7,108
50,121
122,58
134,97
124,45
128,101
33,20
22,22
106,106
134,135
100,32
72,72
68,138
40,24
151,151
32,32
49,4
47,107
133,71
59,59
53,52
151,128
3,50
116,116
70,70
124,142
142,11
62,118
54,54
22,12
34,34
47,99
125,33
110,110
30,61
75,88
65,70
128,46
39,41
72,139
124,53
68,68
145,35
122,57
33,57
69,20
31,31
133,23
62,64
37,30
32,32
0,0
77,97
130,95
145,145
102,144
39,39
95,75
47,62
121,121
62,36
19,38
16,15
28,28
104,112
23,60
92,92
79,135
128,151
113,12
126,126
133,150
111,33
49,49
19,118
141,59
135,135
25,25
71,127
49,46
90,90
20,3
24,37
0,154
45,22
42,42
132,132
21,21
33,24
49,121
120,113
113,2
135,135
116,115
55,149
128,40
16,30
109,109
148,81
12,12
100,100
115,115
19,19
128,39
58,58
6,151
100,100
28,33
37,36
135,91
88,88
74,76
110,110
63,63
131,131
22,22
125,11
68,69
28,28
29,29
41,41
60,41
148,148
74,93
122,123
78,148
124,20
101,101
105,140
133,111
60,127
102,109
102,125
33,42
90,90
81,95
37,35
89,94
124,123
149,149
133,101
22,22
99,99
47,138
90,91
92,92
32,32
48,9
87,88
61,61
27,27
36,36
128,46
65,66
22,33
78,90
46,109
11,70
49,49
79,79
84,88
80,80
37,115
102,102
39,39
69,37
128,142
26,26
142,36
69,44
142,123
45,125
38,45
80,96
14,145
114,42
128,0
50,121
113,113
18,140
89,130
67,67
91,91
21,56
48,48
94,94
100,100
33,48
110,110
130,134
29,29
27,27
133,1
44,10
127,11
136,114
4,4
16,43
23,51
70,67
151,151
9,32
12,12
30,105
72,64
104,104
79,79
134,95
41,38
128,31
139,139
131,87
127,127
133,146
141,141
46,127
105,111
68,63
69,69
70,103
34,10
128,128
13,13
50,138
14,14
55,55
133,121
57,33
89,135
7,7
128,63
136,152
48,143
148,13
137,126
0,0
75,85
80,96
144,144
88,26
66,124
13,15
54,54
133,132
134,76
122,71
113,73
20,149
6,54
84,92
61,20
95,81
100,113
62,68
73,116
77,98
47,112
52,52
97,4
130,146
33,73
147,108
113,105
102,34
145,145
114,18
28,28
148,81
11,11
100,100
110,19
51,51
88,94
10,10
145,16
139,129
110,39
32,50
77,83
143,143
53,147
86,93
48,38
110,106
133,133
57,58
47,54
49,7
56,56
96,96
20,123
122,137
130,97
84,80
2,37
74,86
47,45
58,108
8,28
54,154
1,1
35,35
31,27
97,6
84,85
80,96
72,41
141,141
33,33
147,29
104,11
133,118
133,93
68,48
142,45
6,6
102,67
128,53
59,59
93,93
90,90
4,4
108,3
13,18
137,137
77,96
88,88
4,4
103,21
119,119
75,75
108,59
35,35
55,71
51,51
104,104
23,23
49,52
0,39
88,129
108,108
117,117
4,142
37,37
25,25
14,14
111,111
48,25
31,31
122,71
146,81
28,28
128,128
50,50
4,103
118,24
118,118
133,130
133,133
23,48
6,6
58,152
132,79
25,48
52,7
95,75
97,97
3,35
127,121
29,51
92,92
94,84
23,59
72,22
37,113
27,68
11,4
112,28
128,58
41,66
99,105
47,57
84,85
133,4
33,126
144,144
13,59
108,113
128,127
37,64
104,106
92,92
141,68
132,132
106,106
106,139
125,45
133,109
101,149
74,76
108,108
103,109
147,149
60,40
89,89
133,100
109,103
145,126
97,89
101,101
72,72
77,77
55,110
33,63
66,66
133,115
125,0
114,114
114,102
85,88
143,101
88,131
139,139
11,11
29,71
136,20
124,124
110,110
122,124
52,52
120,119
66,66
32,42
81,80
52,9
23,9
103,103
137,118
34,144
94,94
137,137
77,134
100,25
146,146
50,35
88,88
105,105
32,32
34,41
20,20
61,61
28,127
62,62
55,15
135,79
2,48
47,10
110,110
54,54
74,74
76,76
103,58
133,30
116,115
120,120
90,132
97,146
142,61
64,42
10,10
95,95
133,134
128,126
26,26
42,60
132,93
146,89
151,151
20,20
55,55
74,90
12,12
134,89
37,47
25,9
137,137
25,10
146,80
23,21
55,15
31,40
47,47
102,44
63,153
70,70
16,16
48,103
29,29
33,13
114,111
104,99
88,52
66,152
71,71
107,109
140,2
128,20
22,29
60,60
59,59
133,89
35,9
85,76
142,29
44,44
48,17
71,136
63,63
22,22
71,46
48,40
107,117
96,96
109,109
19,117
32,154
136,137
113,73
14,9
54,139
95,95
83,83
29,66
81,146
81,95
11,11
60,60
86,81
71,71
130,81
126,126
86,87
23,23
116,30
23,23
31,31
13,13
128,30
78,74
151,151
117,109
64,29
14,145
140,122
30,30
47,47
75,75
44,10
128,73
92,133
6,141
107,99
5,12
10,9
23,23
108,108
86,87
20,20
58,100
30,106
130,96
94,94
80,80
145,145
130,80
9,55
106,106
130,76
91,91
124,151
107,107
22,102
124,123
126,140
94,94
88,88
46,26
133,80
143,143
45,45
75,75
48,10
77,77
116,30
113,113
102,15
135,87
9,53
21,145
20,20
142,46
116,115
128,44
116,115
143,143
47,65
50,121
57,57
36,36
136,72
86,74
66,66
72,101
58,58
128,128
122,122
32,32
108,108
30,103
22,22
13,101
0,0
112,112
66,22
110,110
58,58
150,131
6,11
128,54
48,8
55,105
45,3
119,119
18,125
86,86
143,62
150,24
134,82
37,2
41,41
110,110
142,65
143,47
85,146
68,62
133,152
88,39
11,11
62,36
139,139
118,102
13,0
46,46
115,38
23,23
111,129
142,116
67,29
85,85
139,17
36,150
65,68
64,36
48,28
63,21
127,127
149,129
12,10
123,115
37,21
88,24
85,94
103,103
42,42
46,46
63,3
128,2
133,122
29,66
72,109
17,149
62,70
48,69
60,152
43,40
13,13
67,144
44,105
52,52
83,83
9,54
19,19
117,55
59,60
95,95
123,26
115,113
145,152
133,22
4,4
133,17
100,38
11,11
125,45
151,151
74,148
54,54
123,137
105,23
49,49
129,129
3,3
133,84
52,153
146,98
65,65
62,62
119,119
102,18
128,5
52,49
109,109
142,68
13,14
18,18
105,105
99,99
137,136
123,54
57,68
108,110
100,100
69,68
106,104
98,135
77,77
41,72
150,150
64,30
21,62
70,58
22,23
101,101
125,125
31,31
149,5
96,96
28,28
22,22
124,53
1,125
4,49
133,49
75,93
143,143
105,105
139,138
117,117
47,99
94,94
74,74
17,17
24,41
45,21
147,28
47,47
100,17
23,103
60,60
64,38
46,46
107,107
116,16
54,4
77,77
133,12
146,74
85,85
48,33
12,145
135,135
94,94
133,71
52,1
47,62
68,71
29,121
133,147
113,113
6,29
49,105
145,35
111,111
128,127
33,129
36,36
122,12
138,138
35,34
117,125
53,1
154,154
25,25
87,86
150,150
82,82
58,59
29,136
78,78
32,32
146,94
12,11
34,38
104,73
73,149
130,132
137,126
150,15
128,106
53,29
96,96
9,9
58,23
63,65
133,32
8,57
18,18
47,126
48,17
14,154
101,101
148,148
150,152
128,122
40,41
27,27
146,78
23,105
92,92
44,100
133,75
48,16
106,106
64,68
35,5
6,6
124,60
84,84
128,62
145,16
51,4
64,151
110,110
88,133
100,100
57,57
48,154
133,148
31,56
41,42
70,64
83,83
49,22
146,86
39,39
133,133
32,32
16,16
133,120
85,85
113,105
130,81
82,98
71,71
37,27
30,57
130,82
29,137
146,74
3,43
30,152
50,50
103,103
129,129
16,147
29,50
91,91
1,45
42,42
124,36
102,72
77,131
122,53
69,52
4,4
91,91
13,13
57,57
66,3
55,19
18,18
133,96
132,132
9,9
80,80
109,109
81,130
44,44
142,142
136,138
32,8
71,51
5,36
48,153
144,144
141,141
148,86
149,5
80,80
53,145
11,34
89,89
37,111
137,137
133,142
34,13
28,28
108,108
138,138
69,69
9,9
148,148
6,123
134,134
113,113
1,16
118,118
116,116
128,56
135,78
23,107
11,11
100,21
103,58
17,140
44,44
55,55
4,52
59,152
128,3
147,147
59,59
128,53
16,140
37,37
31,99
66,66
89,89
29,29
14,14
34,34
128,34
7,11
133,95
1,1
58,58
113,113
63,71
79,94
104,104
95,131
42,42
0,33
48,11
103,103
133,6
118,109
151,39
124,34
128,105
149,141
77,77
78,132
14,145
123,31
48,142
2,2
22,22
88,34
44,9
72,72
116,115
19,19
145,153
150,70
74,82
137,138
116,21
38,41
18,18
59,59
59,59
82,135
72,72
18,144
40,24
39,26
114,143
93,93
78,91
108,108
21,21
130,135
31,31
27,40
35,35
127,127
21,32
142,116
48,53
21,21
5,5
41,115
31,31
107,120
128,136
32,32
125,125
128,121
133,152
104,24
25,8
84,74
64,36
100,100
148,148
60,61
112,112
143,143
135,83
84,85
95,95
54,52
6,121
123,4
48,10
117,19
26,43
60,141
149,149
78,78
112,112
103,109
8,8
81,81
19,19
65,0
106,106
69,137
75,88
78,146
32,32
61,60
42,32
50,21
9,40
23,137
86,133
20,18
47,47
67,67
141,6
21,21
29,50
85,85
112,16
55,55
14,14
29,29
81,80
107,107
133,106
25,25
9,10
32,32
108,108
122,22
3,5
116,115
122,124
82,82
134,75
14,62
38,38
9,9
33,33
154,154
61,22
84,84
111,111
8,8
56,56
128,53
129,39
142,142
133,102
83,83
137,71
43,141
7,31
130,87
38,104
122,43
90,90
78,77
128,0
1,1
104,104
106,104
25,25
124,137
64,41
30,10
105,105
47,139
30,118
130,79
134,134
51,49
9,9
84,85
32,32
72,10
6,6
32,48
89,89
88,88
130,90
145,145
37,71
145,129
48,122
130,133
12,12
79,93
22,39
37,5
146,77
114,114
144,15
98,98
100,32
110,55
30,30
48,48
124,53
49,49
3,3
130,130
38,138
66,66
47,70
30,30
71,151
34,34
59,152
88,75
56,56
2,2
133,85
79,82
98,98
124,141
29,49
133,34
52,52
11,11
107,107
9,9
146,89
122,59
120,121
132,132
30,64
128,151
46,46
13,13
49,121
32,25
45,68
27,27
73,73
123,11
62,65
21,24
24,24
69,69
103,109
134,134
99,99
91,91
100,47
133,80
36,15
27,27
4,4
126,126
50,24
97,134
64,150
108,28
84,84
133,14
29,52
85,84
11,11
46,46
7,7
148,76
57,25
68,68
85,85
44,44
80,82
133,133
27,27
68,69
148,148
117,117
23,57
103,58
74,86
16,24
142,124
129,129
142,68
153,34
76,76
15,15
54,50
143,26
128,136
23,58
124,33
6,6
98,94
124,50
108,21
95,95
122,105
86,98
105,113
9,47
79,79
88,88
145,145
54,72
72,72
148,86
112,112
99,73
65,63
135,79
109,103
60,60
145,35
134,96
70,70
133,22
112,119
133,27
79,79
124,49
135,97
93,74
133,148
137,15
41,41
146,146
117,17
4,3
23,23
151,124
106,70
52,49
133,145
86,86
122,122
120,120
54,29
26,26
133,42
48,2
6,46
92,92
111,55
137,136
37,107
104,104
114,0
79,79
79,97
11,11
117,117
91,91
95,130
50,51
111,111
137,137
78,134
64,5
133,108
53,5
133,0
140,149
68,29
11,73
42,70
38,40
141,6
126,126
7,20
9,33
12,12
23,63
119,119
99,99
151,151
15,15
123,28
87,87
108,125
4,4
19,19
128,58
128,56
85,85
104,104
84,85
4,4
135,89
40,40
150,111
146,81
120,120
99,99
10,46
106,106
48,48
14,14
47,118
122,123
71,122
69,56
35,35
67,67
145,32
109,109
48,10
130,135
126,126
60,60
127,22
83,93
62,70
150,31
128,127
117,31
133,7
54,4
99,99
34,34
143,55
68,69
142,145
84,76
103,58
89,97
66,20
19,41
21,124
31,39
115,6
47,144
133,133
120,120
93,75
140,140
131,131
99,99
106,107
102,102
132,89
115,115
78,90
85,85
128,29
114,114
53,54
104,24
55,55
1,16
69,69
33,21
68,108
50,50
16,62
33,33
68,68
51,52
91,91
28,126
142,142
136,50
34,34
22,153
148,148
71,23
60,20
10,10
133,68
127,57
27,38
128,68
85,81
97,94
20,72
30,56
109,58
101,101
127,10
107,107
42,101
45,1
103,103
99,73
129,72
98,98
133,70
80,80
46,12
31,31
145,72
118,118
47,47
11,11
11,2
143,139
84,85
64,64
40,40
124,124
70,70
119,119
130,98
52,4
33,33
133,65
143,139
54,12
14,14
120,120
38,38
79,78
97,117
12,12
142,114
140,140
133,137
145,58
66,66
27,27
9,51
128,33
36,28
54,54
30,127
65,62
95,93
69,126
48,3
122,140
76,80
29,6
69,50
79,83
133,91
128,38
30,3
36,36
48,48
109,109
26,39
70,39
84,84
57,57
125,70
142,142
112,112
62,62
40,40
40,23
141,127
137,126
138,138
72,45
115,115
47,150
113,143
27,147
5,40
62,30
16,16
57,3
86,86
85,84
128,72
18,18
71,71
26,26
50,50
34,150
45,45
38,38
122,116
18,63
69,32
128,122
61,22
149,22
128,34
3,22
137,137
133,133
45,25
12,12
34,73
44,44
124,124
83,96
148,76
71,0
149,16
154,153
3,3
6,6
119,119
20,22
137,71
123,55
77,74
47,34
55,19
68,62
61,61
88,33
17,149
48,40
30,150
81,81
116,116
75,75
48,48
75,75
134,82
122,138
32,109
72,129
11,11
48,37
6,69
130,77
112,40
100,126
27,39
113,5
80,80
27,27
94,94
110,110
133,77
4,4
60,63
38,38
28,80
95,77
55,55
25,35
