114,1
130,1
4,1
43,1
87,1
120,1
30,1
136,1
36,1
128,1
91,1
88,1
146,1
35,1
86,1
30,1
111,1
134,1
127,1
136,1
42,1
88,1
1,1
142,1
5,1
108,1
102,1
111,1
77,1
89,1
49,1
51,1
90,1
113,1
47,1
110,1
115,1
79,1
34,1
145,1
45,1
101,1
24,1
83,1
124,1
68,1
133,1
13,1
126,1
13,1
17,1
114,1
30,1
25,1
81,1
42,1
135,1
30,1
33,1
32,1
149,1
90,1
33,1
88,1
111,1
48,1
29,1
122,1
88,1
117,1
83,1
68,1
38,1
87,1
148,1
128,1
25,1
76,1
60,1
99,1
13,1
10,1
52,1
39,1
140,1
58,1
4,1
5,1
7,1
95,1
23,1
30,1
88,1
140,1
100,1
114,1
123,1
74,1
88,1
32,1
36,1
79,1
16,1
56,1
19,1
128,1
88,1
11,1
137,1
17,1
23,1
127,1
7,1
118,1
105,1
111,1
88,1
41,1
86,1
31,1
113,1
92,1
36,1
147,1
145,1
12,1
143,1
31,1
36,1
45,1
74,1
88,1
29,1
88,1
5,1
77,1
45,1
29,1
119,1
30,1
81,1
42,1
19,1
49,1
55,1
42,1
10,1
14,1
102,1
140,1
20,1
34,1
4,1
89,1
21,1
143,1
111,1
77,1
91,1
5,1
90,1
146,1
27,1
42,1
29,1
146,1
20,1
122,1
145,1
88,1
151,1
149,1
28,1
109,1
125,1
32,1
140,1
104,1
41,1
115,1
88,1
95,1
60,1
87,1
69,1
7,1
81,1
144,1
26,1
127,1
88,1
41,1
96,1
127,1
30,1
104,1
85,1
72,1
109,1
136,1
39,1
0,1
30,1
22,1
69,1
31,1
120,1
51,1
30,1
54,1
63,1
66,1
63,1
57,1
84,1
8,1
34,1
9,1
68,1
54,1
150,1
69,1
101,1
1,1
89,1
10,1
88,1
120,1
30,1
150,1
32,1
78,1
24,1
101,1
137,1
121,1
105,1
24,1
34,1
89,1
142,1
7,1
24,1
34,1
107,1
102,1
124,1
126,1
131,1
88,1
19,1
88,1
86,1
125,1
35,1
34,1
14,1
33,1
56,1
130,1
1,1
10,1
68,1
42,1
141,1
41,1
19,1
144,1
41,1
10,1
115,1
70,1
37,1
141,1
16,1
146,1
121,1
32,1
8,1
110,1
50,1
8,1
123,1
128,1
10,1
110,1
16,1
29,1
21,1
74,1
88,1
142,1
41,1
138,1
101,1
70,1
134,1
37,1
20,1
72,1
26,1
135,1
75,1
72,1
65,1
90,1
4,1
101,1
81,1
37,1
33,1
101,1
21,1
85,1
55,1
10,1
148,1
25,1
83,1
128,1
67,1
54,1
88,1
54,1
88,1
45,1
17,1
123,1
62,1
95,1
104,1
95,1
43,1
108,1
14,1
88,1
42,1
84,1
94,1
20,1
23,1
30,1
77,1
74,1
36,1
35,1
141,1
61,1
59,1
47,1
6,1
114,1
112,1
150,1
118,1
7,1
136,1
105,1
88,1
57,1
30,1
101,1
18,1
46,1
30,1
147,1
57,1
124,1
37,1
36,1
45,1
5,1
59,1
96,1
15,1
91,1
136,1
67,1
33,1
147,1
54,1
13,1
2,1
102,1
112,1
88,1
137,1
13,1
44,1
57,1
57,1
78,1
110,1
86,1
88,1
116,1
122,1
144,1
78,1
88,1
72,1
128,1
19,1
5,1
140,1
88,1
8,1
98,1
0,1
122,1
95,1
22,1
122,1
9,1
123,1
47,1
29,1
12,1
130,1
142,1
30,1
135,1
11,1
53,1
45,1
88,1
142,1
21,1
80,1
41,1
5,1
69,1
140,1
102,1
99,1
145,1
34,1
69,1
13,1
36,1
127,1
10,1
68,1
56,1
78,1
97,1
101,1
146,1
123,1
136,1
69,1
57,1
135,1
140,1
13,1
21,1
24,1
80,1
124,1
128,1
137,1
124,1
13,1
122,1
102,1
33,1
149,1
30,1
61,1
30,1
133,1
25,1
118,1
97,1
57,1
11,1
70,1
6,1
47,1
34,1
110,1
1,1
33,1
88,1
88,1
126,1
65,1
30,1
88,1
4,1
8,1
140,1
150,1
16,1
139,1
79,1
108,1
127,1
143,1
58,1
109,1
53,1
122,1
30,1
105,1
97,1
10,1
4,1
88,1
88,1
150,1
140,1
15,1
113,1
113,1
114,1
84,1
153,1
15,1
111,1
127,1
51,1
36,1
44,1
45,1
74,1
112,1
108,1
31,1
61,1
102,1
26,1
147,1
36,1
63,1
67,1
10,1
30,1
46,1
29,1
126,1
122,1
122,1
4,1
134,1
75,1
13,1
119,1
107,1
57,1
88,1
40,1
111,1
30,1
55,1
76,1
46,1
96,1
125,1
65,1
59,1
83,1
21,1
108,1
143,1
9,1
4,1
95,1
31,1
128,1
74,1
97,1
2,1
105,1
134,1
88,1
33,1
52,1
4,1
8,1
19,1
35,1
32,1
64,1
75,1
60,1
75,1
144,1
122,1
52,1
34,1
109,1
153,1
76,1
77,1
24,1
104,1
59,1
138,1
58,1
122,1
59,1
129,1
1,1
128,1
4,1
4,1
105,1
19,1
126,1
59,1
27,1
54,1
23,1
9,1
25,1
127,1
136,1
47,1
73,1
35,1
120,1
51,1
38,1
10,1
31,1
93,1
50,1
82,1
139,1
53,1
57,1
127,1
57,1
123,1
72,1
50,1
87,1
2,1
1,1
116,1
88,1
136,1
77,1
133,1
79,1
128,1
141,1
72,1
136,1
115,1
29,1
102,1
32,1
40,1
122,1
79,1
17,1
75,1
63,1
150,1
88,1
109,1
29,1
116,1
51,1
141,1
125,1
139,1
118,1
57,1
28,1
34,1
94,1
45,1
128,1
141,1
105,1
105,1
142,1
137,1
120,1
143,1
42,1
39,1
136,1
127,1
53,1
69,1
114,1
99,1
88,1
128,1
88,1
38,1
113,1
86,1
105,1
127,1
143,1
88,1
54,1
118,1
53,1
74,1
130,1
88,1
8,1
142,1
46,1
19,1
77,1
32,1
14,1
127,1
128,1
120,1
25,1
60,1
10,1
62,1
100,1
106,1
59,1
152,1
127,1
109,1
46,1
47,1
0,1
26,1
30,1
22,1
118,1
11,1
124,1
32,1
142,1
88,1
144,1
37,1
20,1
95,1
128,1
32,1
144,1
115,1
40,1
88,1
47,1
9,1
68,1
128,1
47,1
120,1
93,1
94,1
4,1
128,1
83,1
12,1
88,1
91,1
18,1
29,1
20,1
1,1
13,1
6,1
146,1
88,1
88,1
37,1
128,1
134,1
65,1
98,1
113,1
30,1
69,1
51,1
96,1
7,1
31,1
33,1
133,1
24,1
91,1
0,1
143,1
31,1
100,1
145,1
143,1
29,1
120,1
32,1
145,1
63,1
139,1
106,1
32,1
114,1
57,1
23,1
86,1
4,1
99,1
55,1
124,1
31,1
105,1
65,1
142,1
114,1
74,1
4,1
92,1
151,1
88,1
47,1
53,1
58,1
136,1
89,1
92,1
21,1
29,1
70,1
23,1
34,1
83,1
81,1
34,1
106,1
25,1
100,1
28,1
8,1
25,1
131,1
88,1
69,1
76,1
88,1
74,1
127,1
20,1
13,1
33,1
5,1
124,1
74,1
127,1
111,1
6,1
99,1
143,1
127,1
145,1
136,1
88,1
39,1
27,1
120,1
88,1
33,1
143,1
34,1
93,1
88,1
33,1
16,1
94,1
129,1
11,1
88,1
21,1
60,1
31,1
109,1
109,1
138,1
69,1
127,1
13,1
88,1
47,1
128,1
141,1
47,1
110,1
9,1
91,1
55,1
11,1
57,1
88,1
16,1
18,1
124,1
113,1
145,1
68,1
8,1
88,1
28,1
93,1
82,1
19,1
0,1
144,1
68,1
73,1
73,1
75,1
107,1
125,1
41,1
61,1
102,1
137,1
90,1
35,1
106,1
79,1
141,1
109,1
37,1
64,1
89,1
88,1
4,1
99,1
32,1
115,1
96,1
88,1
64,1
85,1
107,1
43,1
11,1
131,1
35,1
131,1
115,1
72,1
31,1
118,1
93,1
52,1
73,1
21,1
81,1
15,1
150,1
79,1
145,1
59,1
142,1
88,1
15,1
69,1
31,1
16,1
55,1
80,1
78,1
21,1
39,1
122,1
126,1
112,1
82,1
76,1
106,1
113,1
72,1
81,1
119,1
57,1
117,1
119,1
31,1
148,1
2,1
14,1
59,1
23,1
146,1
61,1
34,1
72,1
111,1
33,1
124,1
113,1
128,1
111,1
19,1
34,1
74,1
32,1
42,1
88,1
74,1
49,1
21,1
76,1
31,1
74,1
20,1
69,1
88,1
29,1
146,1
105,1
34,1
9,1
93,1
79,1
48,1
4,1
23,1
121,1
23,1
123,1
88,1
48,1
7,1
90,1
47,1
128,1
88,1
51,1
130,1
70,1
114,1
39,1
41,1
76,1
5,1
88,1
49,1
102,1
114,1
42,1
88,1
34,1
49,1
126,1
49,1
47,1
113,1
8,1
149,1
29,1
67,1
142,1
128,1
127,1
2,1
0,1
4,1
88,1
117,1
16,1
64,1
137,1
90,1
137,1
58,1
36,1
88,1
73,1
114,1
34,1
141,1
105,1
41,1
10,1
79,1
29,1
23,1
25,1
15,1
45,1
31,1
34,1
23,1
110,1
47,1
83,1
112,1
108,1
100,1
55,1
91,1
103,1
33,1
143,1
53,1
4,1
117,1
60,1
14,1
34,1
146,1
131,1
75,1
11,1
15,1
143,1
66,1
70,1
86,1
126,1
75,1
21,1
94,1
120,1
103,1
30,1
140,1
66,1
88,1
58,1
100,1
41,1
111,1
126,1
139,1
78,1
33,1
56,1
84,1
60,1
50,1
22,1
19,1
53,1
78,1
88,1
73,1
133,1
34,1
60,1
30,1
54,1
90,1
14,1
129,1
136,1
88,1
112,1
151,1
47,1
94,1
134,1
146,1
88,1
73,1
60,1
88,1
88,1
139,1
39,1
46,1
43,1
85,1
115,1
134,1
139,1
82,1
29,1
93,1
142,1
9,1
53,1
123,1
75,1
44,1
46,1
147,1
55,1
86,1
88,1
150,1
30,1
4,1
97,1
88,1
20,1
101,1
111,1
16,1
10,1
117,1
32,1
29,1
37,1
99,1
57,1
61,1
97,1
135,1
75,1
145,1
125,1
88,1
105,1
14,1
37,1
94,1
70,1
70,1
3,1
14,1
138,1
24,1
122,1
34,1
70,1
148,1
105,1
103,1
88,1
59,1
140,1
16,1
129,1
70,1
119,1
6,1
28,1
87,1
106,1
30,1
136,1
50,1
88,1
88,1
108,1
7,1
77,1
90,1
2,1
1,1
69,1
150,1
42,1
88,1
51,1
151,1
88,1
71,1
82,1
47,1
22,1
123,1
76,1
112,1
139,1
5,1
54,1
112,1
74,1
96,1
88,1
150,1
60,1
41,1
149,1
149,1
102,1
35,1
39,1
99,1
29,1
4,1
30,1
2,1
47,1
131,1
88,1
97,1
66,1
118,1
54,1
10,1
69,1
123,1
112,1
136,1
84,1
144,1
92,1
34,1
85,1
112,1
104,1
82,1
50,1
88,1
89,1
16,1
73,1
15,1
123,1
28,1
77,1
80,1
3,1
150,1
32,1
140,1
85,1
88,1
117,1
150,1
122,1
88,1
99,1
145,1
109,1
45,1
7,1
88,1
122,1
70,1
114,1
42,1
140,1
135,1
114,1
117,1
31,1
31,1
126,1
24,1
128,1
31,1
106,1
7,1
50,1
122,1
128,1
100,1
67,1
20,1
88,1
7,1
86,1
29,1
25,1
43,1
118,1
130,1
79,1
35,1
4,1
111,1
29,1
112,1
77,1
84,1
97,1
61,1
4,1
74,1
115,1
88,1
124,1
66,1
57,1
49,1
66,1
10,1
49,1
50,1
101,1
77,1
111,1
27,1
23,1
146,1
43,1
72,1
19,1
38,1
78,1
35,1
17,1
75,1
122,1
58,1
95,1
149,1
123,1
14,1
144,1
103,1
88,1
40,1
28,1
128,1
23,1
63,1
140,1
38,1
86,1
89,1
88,1
54,1
23,1
94,1
72,1
122,1
110,1
57,1
86,1
117,1
76,1
50,1
39,1
37,1
25,1
49,1
31,1
36,1
75,1
132,1
67,1
10,1
128,1
104,1
124,1
54,1
88,1
70,1
30,1
127,1
49,1
88,1
72,1
145,1
4,1
32,1
42,1
30,1
88,1
148,1
88,1
70,1
89,1
93,1
127,1
67,1
45,1
129,1
135,1
113,1
6,1
47,1
71,1
134,1
54,1
81,1
14,1
95,1
100,1
7,1
35,1
5,1
117,1
27,1
47,1
107,1
119,1
59,1
89,1
143,1
115,1
88,1
128,1
88,1
88,1
70,1
128,1
19,1
115,1
39,1
141,1
27,1
149,1
78,1
6,1
88,1
109,1
8,1
49,1
79,1
59,1
92,1
91,1
88,1
111,1
97,1
108,1
75,1
128,1
10,1
139,1
152,1
104,1
109,1
103,1
149,1
114,1
88,1
20,1
21,1
13,1
143,1
104,1
70,1
42,1
126,1
88,1
47,1
82,1
14,1
111,1
57,1
12,1
36,1
142,1
12,1
130,1
112,1
15,1
13,1
118,1
86,1
13,1
34,1
88,1
50,1
109,1
117,1
123,1
12,1
44,1
20,1
69,1
13,1
44,1
76,1
88,1
148,1
70,1
7,1
123,1
116,1
72,1
33,1
81,1
9,1
40,1
78,1
19,1
127,1
60,1
47,1
147,1
57,1
28,1
109,1
77,1
27,1
54,1
108,1
25,1
24,1
4,1
85,1
88,1
102,1
120,1
150,1
31,1
146,1
42,1
17,1
48,1
28,1
17,1
9,1
51,1
93,1
121,1
5,1
142,1
88,1
10,1
107,1
128,1
31,1
121,1
126,1
127,1
79,1
30,1
142,1
28,1
88,1
19,1
89,1
88,1
49,1
105,1
152,1
102,1
133,1
88,1
38,1
84,1
36,1
149,1
66,1
24,1
103,1
104,1
119,1
98,1
123,1
63,1
74,1
41,1
128,1
95,1
59,1
23,1
100,1
34,1
45,1
111,1
13,1
52,1
22,1
34,1
60,1
110,1
116,1
88,1
72,1
70,1
73,1
73,1
124,1
127,1
128,1
31,1
7,1
37,1
52,1
123,1
112,1
121,1
121,1
150,1
89,1
73,1
101,1
149,1
132,1
147,1
103,1
89,1
8,1
19,1
59,1
81,1
24,1
88,1
15,1
67,1
1,1
124,1
11,1
65,1
31,1
105,1
68,1
65,1
72,1
86,1
108,1
127,1
94,1
71,1
124,1
32,1
86,1
140,1
69,1
146,1
19,1
85,1
121,1
66,1
88,1
139,1
61,1
1,1
41,1
118,1
145,1
114,1
107,1
37,1
93,1
153,1
114,1
6,1
25,1
120,1
70,1
45,1
31,1
124,1
8,1
120,1
93,1
50,1
87,1
138,1
56,1
9,1
43,1
14,1
57,1
90,1
146,1
88,1
123,1
139,1
130,1
2,1
78,1
7,1
47,1
44,1
5,1
88,1
75,1
15,1
4,1
1,1
145,1
111,1
24,1
63,1
47,1
143,1
54,1
115,1
98,1
30,1
88,1
33,1
61,1
100,1
36,1
70,1
46,1
87,1
7,1
129,1
130,1
72,1
19,1
55,1
131,1
60,1
2,1
68,1
34,1
18,1
60,1
76,1
22,1
8,1
88,1
17,1
34,1
128,1
42,1
88,1
127,1
88,1
88,1
38,1
137,1
150,1
50,1
35,1
47,1
88,1
95,1
129,1
52,1
5,1
30,1
45,1
123,1
120,1
91,1
25,1
61,1
88,1
59,1
84,1
136,1
34,1
128,1
92,1
127,1
25,1
6,1
41,1
5,1
88,1
128,1
67,1
57,1
126,1
100,1
138,1
89,1
137,1
97,1
89,1
50,1
36,1
50,1
72,1
146,1
75,1
68,1
14,1
141,1
98,1
146,1
69,1
5,1
41,1
114,1
14,1
1,1
134,1
151,1
114,1
151,1
74,1
112,1
124,1
70,1
18,1
48,1
72,1
128,1
33,1
15,1
116,1
16,1
59,1
52,1
25,1
29,1
88,1
31,1
48,1
35,1
25,1
7,1
122,1
129,1
27,1
24,1
109,1
142,1
26,1
18,1
30,1
91,1
137,1
72,1
120,1
97,1
105,1
62,1
74,1
122,1
75,1
12,1
33,1
26,1
88,1
34,1
88,1
115,1
88,1
79,1
58,1
35,1
5,1
23,1
89,1
30,1
45,1
47,1
19,1
83,1
88,1
81,1
143,1
76,1
55,1
80,1
25,1
31,1
114,1
128,1
66,1
72,1
49,1
135,1
18,1
123,1
57,1
125,1
101,1
49,1
50,1
95,1
69,1
128,1
68,1
96,1
47,1
86,1
61,1
16,1
19,1
56,1
113,1
105,1
66,1
49,1
40,1
18,1
131,1
88,1
91,1
123,1
29,1
11,1
81,1
20,1
60,1
48,1
114,1
21,1
122,1
27,1
78,1
86,1
88,1
78,1
104,1
125,1
60,1
88,1
72,1
8,1
88,1
64,1
141,1
10,1
143,1
10,1
63,1
16,1
29,1
117,1
128,1
48,1
93,1
124,1
112,1
109,1
6,1
60,1
69,1
64,1
92,1
71,1
30,1
124,1
91,1
69,1
142,1
96,1
18,1
41,1
131,1
102,1
122,1
71,1
39,1
23,1
29,1
6,1
23,1
68,1
26,1
77,1
108,1
62,1
4,1
114,1
4,1
57,1
2,1
7,1
30,1
114,1
14,1
26,1
0,1
69,1
142,1
34,1
4,1
34,1
88,1
95,1
39,1
91,1
88,1
20,1
88,1
91,1
4,1
141,1
10,1
142,1
97,1
119,1
112,1
100,1
113,1
94,1
47,1
26,1
88,1
88,1
73,1
75,1
148,1
70,1
87,1
136,1
57,1
117,1
20,1
142,1
113,1
150,1
99,1
104,1
22,1
75,1
148,1
109,1
10,1
28,1
88,1
148,1
32,1
111,1
128,1
5,1
26,1
31,1
86,1
70,1
76,1
64,1
20,1
58,1
116,1
42,1
11,1
30,1
61,1
104,1
31,1
122,1
88,1
136,1
127,1
114,1
46,1
32,1
14,1
76,1
23,1
151,1
90,1
145,1
12,1
128,1
89,1
105,1
20,1
150,1
86,1
70,1
19,1
150,1
111,1
10,1
86,1
124,1
129,1
12,1
9,1
73,1
126,1
26,1
145,1
106,1
16,1
145,1
135,1
104,1
1,1
88,1
22,1
122,1
74,1
116,1
86,1
105,1
44,1
145,1
38,1
66,1
50,1
102,1
148,1
59,1
105,1
16,1
41,1
21,1
143,1
36,1
85,1
12,1
59,1
96,1
143,1
32,1
69,1
87,1
86,1
105,1
56,1
104,1
132,1
141,1
44,1
46,1
119,1
106,1
11,1
102,1
12,1
1,1
127,1
10,1
100,1
34,1
44,1
44,1
104,1
77,1
31,1
37,1
17,1
88,1
100,1
12,1
108,1
130,1
120,1
89,1
101,1
97,1
34,1
26,1
102,1
124,1
71,1
47,1
28,1
121,1
135,1
47,1
127,1
114,1
136,1
24,1
76,1
35,1
116,1
45,1
95,1
11,1
20,1
5,1
78,1
20,1
45,1
88,1
127,1
38,1
126,1
106,1
52,1
116,1
1,1
6,1
15,1
100,1
98,1
64,1
132,1
10,1
30,1
45,1
114,1
57,1
113,1
152,1
110,1
49,1
61,1
109,1
51,1
125,1
123,1
49,1
10,1
8,1
138,1
29,1
41,1
129,1
4,1
33,1
50,1
135,1
6,1
58,1
36,1
117,1
54,1
30,1
128,1
24,1
23,1
45,1
121,1
55,1
133,1
2,1
133,1
72,1
106,1
110,1
74,1
47,1
136,1
3,1
124,1
128,1
95,1
75,1
68,1
37,1
127,1
120,1
88,1
126,1
88,1
88,1
111,1
88,1
123,1
103,1
30,1
67,1
27,1
20,1
25,1
85,1
25,1
118,1
97,1
57,1
55,1
10,1
106,1
10,1
31,1
59,1
78,1
97,1
14,1
30,1
77,1
150,1
11,1
0,1
109,1
5,1
46,1
122,1
54,1
12,1
1,1
8,1
96,1
66,1
92,1
128,1
9,1
20,1
94,1
133,1
12,1
93,1
6,1
46,1
103,1
140,1
136,1
141,1
114,1
131,1
84,1
49,1
115,1
25,1
23,1
51,1
128,1
148,1
107,1
92,1
2,1
114,1
72,1
152,1
121,1
49,1
149,1
59,1
66,1
20,1
88,1
29,1
154,1
41,1
41,1
121,1
10,1
143,1
131,1
101,1
83,1
73,1
79,1
68,1
149,1
108,1
53,1
143,1
111,1
56,1
49,1
72,1
88,1
111,1
117,1
115,1
31,1
39,1
34,1
88,1
96,1
17,1
32,1
74,1
81,1
49,1
55,1
26,1
74,1
33,1
142,1
97,1
15,1
62,1
37,1
136,1
78,1
51,1
18,1
78,1
56,1
109,1
92,1
30,1
56,1
88,1
8,1
58,1
85,1
34,1
46,1
76,1
83,1
116,1
12,1
33,1
42,1
31,1
53,1
79,1
16,1
98,1
9,1
128,1
20,1
8,1
1,1
80,1
46,1
128,1
29,1
35,1
99,1
33,1
66,1
124,1
8,1
30,1
88,1
76,1
83,1
97,1
12,1
8,1
115,1
25,1
120,1
129,1
11,1
5,1
132,1
132,1
85,1
74,1
105,1
10,1
139,1
106,1
8,1
67,1
29,1
39,1
36,1
5,1
106,1
2,1
90,1
88,1
53,1
133,1
40,1
37,1
28,1
45,1
141,1
123,1
19,1
142,1
50,1
113,1
128,1
29,1
51,1
97,1
31,1
57,1
135,1
135,1
150,1
78,1
117,1
138,1
59,1
79,1
49,1
27,1
31,1
56,1
125,1
22,1
128,1
134,1
31,1
150,1
129,1
88,1
75,1
65,1
145,1
146,1
102,1
55,1
30,1
64,1
15,1
88,1
8,1
88,1
75,1
141,1
88,1
31,1
34,1
28,1
52,1
14,1
18,1
85,1
16,1
33,1
88,1
107,1
11,1
130,1
88,1
95,1
8,1
123,1
116,1
14,1
113,1
142,1
116,1
8,1
111,1
56,1
75,1
111,1
35,1
89,1
20,1
9,1
85,1
67,1
57,1
88,1
41,1
123,1
6,1
25,1
47,1
106,1
73,1
9,1
79,1
0,1
121,1
91,1
78,1
88,1
49,1
92,1
116,1
1,1
74,1
23,1
49,1
135,1
78,1
34,1
48,1
49,1
144,1
88,1
92,1
82,1
23,1
114,1
74,1
97,1
88,1
129,1
41,1
111,1
60,1
37,1
26,1
100,1
128,1
114,1
15,1
121,1
128,1
31,1
61,1
88,1
154,1
129,1
97,1
140,1
88,1
97,1
1,1
88,1
24,1
10,1
113,1
130,1
127,1
7,1
127,1
72,1
128,1
87,1
46,1
25,1
78,1
134,1
90,1
50,1
34,1
73,1
2,1
16,1
13,1
85,1
114,1
94,1
30,1
68,1
88,1
67,1
88,1
70,1
124,1
115,1
20,1
10,1
102,1
108,1
73,1
21,1
96,1
82,1
132,1
70,1
142,1
4,1
104,1
70,1
124,1
88,1
123,1
93,1
47,1
30,1
7,1
38,1
138,1
14,1
88,1
49,1
12,1
90,1
61,1
120,1
107,1
0,1
128,1
128,1
24,1
28,1
60,1
71,1
5,1
54,1
68,1
151,1
101,1
29,1
26,1
69,1
8,1
63,1
118,1
128,1
63,1
14,1
5,1
102,1
57,1
88,1
145,1
38,1
88,1
75,1
5,1
50,1
36,1
46,1
9,1
88,1
25,1
42,1
8,1
34,1
115,1
141,1
46,1
63,1
122,1
136,1
60,1
101,1
1,1
133,1
29,1
62,1
40,1
13,1
131,1
45,1
88,1
105,1
33,1
75,1
51,1
44,1
75,1
85,1
9,1
57,1
123,1
117,1
120,1
7,1
97,1
9,1
118,1
113,1
128,1
142,1
88,1
57,1
74,1
27,1
88,1
75,1
130,1
88,1
140,1
24,1
86,1
88,1
8,1
88,1
37,1
34,1
87,1
24,1
131,1
56,1
99,1
30,1
134,1
121,1
94,1
108,1
85,1
5,1
88,1
9,1
66,1
83,1
18,1
48,1
69,1
147,1
88,1
122,1
111,1
88,1
72,1
114,1
108,1
117,1
48,1
88,1
117,1
80,1
132,1
101,1
112,1
32,1
140,1
88,1
93,1
135,1
30,1
121,1
71,1
151,1
42,1
62,1
46,1
70,1
119,1
94,1
59,1
125,1
20,1
55,1
146,1
113,1
105,1
56,1
142,1
50,1
127,1
33,1
44,1
88,1
34,1
88,1
88,1
106,1
20,1
54,1
73,1
3,1
88,1
7,1
93,1
22,1
65,1
146,1
141,1
128,1
59,1
128,1
111,1
19,1
123,1
95,1
109,1
25,1
122,1
79,1
4,1
79,1
13,1
143,1
20,1
143,1
30,1
107,1
0,1
42,1
105,1
8,1
7,1
130,1
54,1
105,1
19,1
83,1
111,1
41,1
51,1
22,1
43,1
140,1
52,1
95,1
122,1
117,1
87,1
28,1
88,1
84,1
44,1
104,1
11,1
60,1
48,1
113,1
29,1
55,1
100,1
88,1
117,1
4,1
111,1
60,1
49,1
141,1
33,1
132,1
137,1
144,1
61,1
29,1
143,1
137,1
85,1
109,1
24,1
111,1
38,1
53,1
35,1
142,1
2,1
5,1
123,1
42,1
20,1
21,1
133,1
106,1
144,1
53,1
34,1
34,1
95,1
7,1
124,1
51,1
86,1
45,1
121,1
119,1
78,1
54,1
47,1
25,1
88,1
78,1
127,1
106,1
9,1
86,1
118,1
7,1
2,1
97,1
10,1
140,1
76,1
2,1
103,1
93,1
118,1
25,1
73,1
88,1
145,1
88,1
58,1
23,1
9,1
11,1
16,1
107,1
68,1
42,1
88,1
122,1
43,1
42,1
111,1
75,1
8,1
57,1
140,1
146,1
144,1
88,1
39,1
88,1
145,1
30,1
9,1
41,1
40,1
66,1
117,1
46,1
7,1
142,1
118,1
124,1
128,1
148,1
32,1
88,1
68,1
6,1
38,1
108,1
39,1
57,1
56,1
28,1
141,1
117,1
113,1
77,1
131,1
140,1
136,1
12,1
32,1
120,1
46,1
34,1
82,1
106,1
83,1
88,1
118,1
104,1
42,1
64,1
72,1
33,1
133,1
78,1
140,1
88,1
68,1
88,1
120,1
100,1
90,1
73,1
107,1
20,1
88,1
12,1
88,1
144,1
66,1
131,1
50,1
33,1
44,1
61,1
45,1
11,1
147,1
98,1
26,1
74,1
0,1
10,1
136,1
58,1
4,1
124,1
109,1
29,1
111,1
32,1
19,1
54,1
29,1
4,1
88,1
88,1
74,1
136,1
57,1
59,1
111,1
27,1
107,1
73,1
70,1
9,1
88,1
128,1
54,1
117,1
4,1
134,1
29,1
67,1
96,1
135,1
90,1
28,1
64,1
130,1
93,1
83,1
27,1
73,1
37,1
81,1
21,1
37,1
107,1
86,1
105,1
140,1
88,1
36,1
88,1
113,1
15,1
139,1
4,1
37,1
104,1
24,1
16,1
125,1
149,1
57,1
12,1
98,1
12,1
38,1
87,1
8,1
110,1
129,1
113,1
95,1
83,1
114,1
111,1
70,1
108,1
100,1
99,1
9,1
9,1
113,1
115,1
107,1
117,1
30,1
78,1
88,1
113,1
46,1
31,1
16,1
115,1
62,1
74,1
123,1
39,1
137,1
136,1
12,1
5,1
135,1
34,1
104,1
110,1
142,1
127,1
59,1
101,1
17,1
47,1
131,1
74,1
67,1
129,1
98,1
17,1
31,1
133,1
42,1
121,1
2,1
79,1
12,1
88,1
89,1
34,1
59,1
45,1
88,1
87,1
124,1
112,1
46,1
20,1
86,1
77,1
37,1
139,1
46,1
128,1
100,1
29,1
107,1
57,1
120,1
30,1
42,1
95,1
26,1
79,1
15,1
51,1
86,1
88,1
88,1
151,1
34,1
33,1
7,1
60,1
12,1
67,1
24,1
9,1
47,1
70,1
8,1
109,1
149,1
48,1
135,1
85,1
0,1
47,1
8,1
154,1
57,1
88,1
12,1
48,1
37,1
53,1
37,1
54,1
150,1
23,1
33,1
103,1
60,1
55,1
50,1
139,1
143,1
113,1
52,1
75,1
78,1
127,1
23,1
146,1
146,1
78,1
135,1
113,1
34,1
57,1
88,1
72,1
42,1
72,1
61,1
44,1
8,1
137,1
88,1
127,1
87,1
0,1
84,1
10,1
107,1
82,1
2,1
41,1
52,1
101,1
74,1
88,1
108,1
106,1
90,1
126,1
132,1
60,1
131,1
32,1
69,1
53,1
18,1
2,1
135,1
81,1
0,1
14,1
46,1
92,1
135,1
141,1
36,1
135,1
41,1
59,1
95,1
117,1
136,1
88,1
53,1
88,1
72,1
6,1
146,1
0,1
142,1
110,1
81,1
11,1
131,1
77,1
88,1
56,1
34,1
60,1
8,1
35,1
28,1
115,1
100,1
114,1
47,1
117,1
88,1
105,1
83,1
89,1
104,1
6,1
67,1
22,1
86,1
139,1
88,1
19,1
72,1
64,1
88,1
119,1
33,1
93,1
132,1
123,1
35,1
109,1
138,1
4,1
34,1
131,1
30,1
119,1
90,1
113,1
76,1
10,1
88,1
12,1
86,1
70,1
67,1
31,1
56,1
4,1
88,1
149,1
47,1
126,1
12,1
70,1
0,1
67,1
78,1
127,1
4,1
29,1
31,1
116,1
34,1
105,1
143,1
75,1
111,1
74,1
117,1
143,1
81,1
77,1
88,1
0,1
112,1
88,1
63,1
128,1
76,1
74,1
141,1
60,1
50,1
128,1
19,1
85,1
151,1
128,1
79,1
143,1
114,1
6,1
88,1
105,1
88,1
92,1
129,1
118,1
98,1
26,1
32,1
20,1
97,1
60,1
42,1
143,1
47,1
126,1
80,1
113,1
46,1
130,1
72,1
20,1
146,1
75,1
10,1
80,1
50,1
114,1
88,1
127,1
31,1
12,1
37,1
59,1
91,1
136,1
88,1
95,1
12,1
79,1
8,1
20,1
59,1
97,1
0,1
37,1
32,1
10,1
21,1
59,1
65,1
59,1
89,1
7,1
115,1
88,1
41,1
145,1
79,1
30,1
152,1
114,1
4,1
88,1
12,1
47,1
88,1
105,1
144,1
41,1
15,1
2,1
88,1
8,1
35,1
8,1
12,1
9,1
62,1
138,1
132,1
146,1
136,1
9,1
76,1
88,1
146,1
101,1
76,1
141,1
149,1
127,1
142,1
24,1
53,1
6,1
78,1
23,1
6,1
69,1
91,1
4,1
92,1
40,1
24,1
52,1
113,1
80,1
3,1
89,1
56,1
5,1
20,1
8,1
30,1
41,1
57,1
42,1
2,1
79,1
128,1
39,1
41,1
150,1
44,1
48,1
54,1
102,1
88,1
85,1
10,1
30,1
96,1
147,1
128,1
100,1
119,1
24,1
20,1
86,1
119,1
70,1
33,1
111,1
130,1
100,1
43,1
26,1
130,1
34,1
81,1
35,1
102,1
44,1
57,1
88,1
58,1
41,1
30,1
17,1
48,1
21,1
47,1
106,1
13,1
74,1
88,1
116,1
8,1
72,1
56,1
34,1
135,1
59,1
150,1
150,1
118,1
49,1
9,1
88,1
30,1
46,1
126,1
104,1
61,1
86,1
25,1
85,1
69,1
139,1
8,1
146,1
124,1
12,1
38,1
31,1
78,1
127,1
27,1
128,1
88,1
37,1
41,1
29,1
38,1
108,1
58,1
128,1
47,1
1,1
47,1
73,1
74,1
130,1
50,1
37,1
5,1
112,1
99,1
88,1
118,1
52,1
134,1
78,1
24,1
84,1
69,1
9,1
135,1
70,1
19,1
76,1
49,1
11,1
69,1
34,1
88,1
57,1
111,1
57,1
139,1
34,1
81,1
132,1
67,1
92,1
39,1
88,1
23,1
92,1
103,1
88,1
114,1
31,1
33,1
99,1
33,1
41,1
140,1
63,1
23,1
113,1
47,1
138,1
124,1
7,1
121,1
31,1
37,1
128,1
29,1
13,1
72,1
104,1
72,1
127,1
21,1
118,1
120,1
128,1
30,1
110,1
132,1
96,1
15,1
132,1
72,1
14,1
27,1
126,1
105,1
45,1
142,1
71,1
128,1
33,1
4,1
131,1
46,1
65,1
110,1
10,1
67,1
104,1
84,1
72,1
56,1
44,1
57,1
98,1
27,1
8,1
153,1
61,1
29,1
31,1
63,1
117,1
1,1
127,1
128,1
88,1
99,1
139,1
31,1
45,1
29,1
49,1
70,1
138,1
88,1
151,1
110,1
60,1
53,1
88,1
78,1
23,1
149,1
4,1
0,1
1,1
53,1
108,1
37,1
46,1
4,1
30,1
142,1
53,1
122,1
114,1
69,1
60,1
118,1
92,1
68,1
111,1
64,1
30,1
86,1
8,1
59,1
126,1
128,1
35,1
88,1
31,1
88,1
102,1
88,1
0,1
11,1
46,1
128,1
66,1
55,1
30,1
22,1
23,1
122,1
142,1
136,1
7,1
28,1
105,1
20,1
127,1
55,1
136,1
144,1
128,1
143,1
72,1
21,1
60,1
95,1
4,1
146,1
0,1
44,1
99,1
8,1
11,1
57,1
122,1
34,1
129,1
82,1
101,1
9,1
108,1
25,1
70,1
23,1
70,1
50,1
136,1
110,1
41,1
118,1
19,1
141,1
27,1
2,1
47,1
88,1
68,1
145,1
126,1
36,1
121,1
88,1
31,1
56,1
1,1
11,1
58,1
88,1
33,1
113,1
39,1
44,1
107,1
71,1
102,1
66,1
138,1
81,1
88,1
110,1
69,1
44,1
145,1
3,1
33,1
128,1
36,1
124,1
114,1
154,1
97,1
31,1
54,1
116,1
54,1
94,1
85,1
130,1
129,1
99,1
144,1
56,1
97,1
38,1
60,1
1,1
44,1
73,1
108,1
10,1
43,1
113,1
15,1
30,1
88,1
22,1
44,1
31,1
106,1
113,1
30,1
127,1
23,1
40,1
22,1
88,1
29,1
41,1
20,1
88,1
69,1
104,1
90,1
88,1
132,1
88,1
88,1
137,1
142,1
44,1
96,1
34,1
101,1
101,1
130,1
22,1
23,1
69,1
58,1
97,1
70,1
113,1
135,1
29,1
42,1
117,1
150,1
86,1
0,1
60,1
122,1
78,1
115,1
107,1
5,1
67,1
105,1
60,1
88,1
124,1
88,1
20,1
42,1
19,1
38,1
75,1
30,1
114,1
25,1
124,1
128,1
107,1
57,1
53,1
19,1
76,1
54,1
10,1
69,1
112,1
70,1
143,1
119,1
88,1
28,1
110,1
20,1
74,1
32,1
75,1
100,1
146,1
115,1
32,1
130,1
112,1
49,1
139,1
62,1
60,1
136,1
135,1
114,1
88,1
143,1
9,1
75,1
6,1
93,1
49,1
46,1
81,1
88,1
142,1
136,1
88,1
53,1
70,1
37,1
62,1
45,1
114,1
76,1
109,1
58,1
43,1
75,1
88,1
122,1
127,1
117,1
108,1
80,1
77,1
42,1
40,1
145,1
29,1
87,1
26,1
88,1
133,1
7,1
88,1
67,1
99,1
125,1
121,1
98,1
9,1
114,1
31,1
25,1
69,1
37,1
57,1
49,1
63,1
105,1
2,1
126,1
12,1
46,1
50,1
35,1
55,1
128,1
28,1
144,1
98,1
103,1
34,1
64,1
8,1
99,1
128,1
113,1
88,1
106,1
121,1
125,1
65,1
50,1
135,1
34,1
13,1
26,1
59,1
20,1
28,1
52,1
13,1
88,1
49,1
19,1
87,1
121,1
9,1
75,1
105,1
134,1
142,1
88,1
32,1
116,1
137,1
72,1
30,1
117,1
50,1
80,1
57,1
72,1
56,1
75,1
126,1
117,1
31,1
75,1
124,1
121,1
25,1
16,1
22,1
88,1
31,1
120,1
27,1
33,1
60,1
149,1
30,1
141,1
100,1
149,1
85,1
46,1
41,1
115,1
56,1
58,1
76,1
16,1
8,1
11,1
92,1
74,1
113,1
88,1
43,1
62,1
20,1
41,1
66,1
88,1
29,1
99,1
89,1
136,1
136,1
88,1
138,1
68,1
8,1
41,1
133,1
108,1
132,1
51,1
146,1
69,1
117,1
88,1
128,1
67,1
88,1
131,1
114,1
51,1
72,1
12,1
105,1
54,1
87,1
22,1
129,1
47,1
3,1
85,1
109,1
77,1
125,1
30,1
150,1
6,1
88,1
105,1
69,1
6,1
123,1
111,1
102,1
130,1
20,1
88,1
56,1
95,1
62,1
29,1
147,1
113,1
97,1
59,1
49,1
130,1
18,1
88,1
64,1
25,1
77,1
67,1
101,1
35,1
44,1
10,1
29,1
32,1
66,1
33,1
141,1
10,1
15,1
119,1
74,1
51,1
16,1
65,1
118,1
12,1
88,1
33,1
24,1
128,1
72,1
12,1
92,1
11,1
34,1
91,1
108,1
107,1
118,1
106,1
96,1
149,1
74,1
113,1
127,1
