114,1
93,1
0,1
43,1
79,1
120,1
30,1
100,1
54,1
128,1
91,1
34,1
146,1
35,1
74,1
21,1
111,1
134,1
151,1
136,1
42,1
133,1
1,1
139,1
5,1
108,1
13,1
111,1
77,1
88,1
49,1
6,1
77,1
113,1
47,1
110,1
115,1
146,1
64,1
145,1
45,1
143,1
24,1
83,1
127,1
33,1
133,1
13,1
144,1
13,1
41,1
114,1
30,1
47,1
81,1
144,1
134,1
63,1
33,1
100,1
149,1
74,1
42,1
47,1
111,1
35,1
29,1
53,1
47,1
16,1
83,1
68,1
38,1
87,1
148,1
48,1
25,1
76,1
60,1
149,1
128,1
127,1
52,1
39,1
140,1
58,1
61,1
5,1
7,1
85,1
100,1
22,1
88,1
129,1
27,1
110,1
52,1
76,1
133,1
32,1
62,1
130,1
63,1
56,1
19,1
128,1
47,1
5,1
137,1
5,1
21,1
124,1
7,1
118,1
99,1
46,1
133,1
43,1
86,1
31,1
113,1
92,1
36,1
126,1
145,1
112,1
46,1
150,1
36,1
45,1
74,1
133,1
66,1
106,1
5,1
77,1
44,1
46,1
119,1
30,1
81,1
42,1
64,1
23,1
55,1
102,1
48,1
14,1
56,1
140,1
20,1
144,1
6,1
89,1
21,1
73,1
39,1
77,1
74,1
108,1
90,1
146,1
27,1
42,1
29,1
148,1
12,1
54,1
145,1
133,1
122,1
148,1
28,1
103,1
0,1
32,1
140,1
104,1
40,1
119,1
142,1
89,1
108,1
148,1
69,1
7,1
81,1
144,1
26,1
47,1
47,1
118,1
82,1
127,1
4,1
108,1
89,1
60,1
109,1
137,1
39,1
36,1
126,1
22,1
53,1
150,1
120,1
142,1
141,1
54,1
108,1
66,1
29,1
126,1
84,1
8,1
102,1
122,1
27,1
109,1
10,1
69,1
101,1
1,1
93,1
25,1
88,1
120,1
30,1
29,1
32,1
87,1
45,1
101,1
124,1
137,1
105,1
24,1
144,1
89,1
47,1
17,1
150,1
144,1
107,1
41,1
124,1
140,1
131,1
133,1
19,1
30,1
146,1
45,1
12,1
8,1
13,1
33,1
56,1
95,1
1,1
10,1
68,1
109,1
32,1
43,1
19,1
144,1
41,1
45,1
116,1
70,1
37,1
141,1
16,1
77,1
38,1
57,1
8,1
111,1
50,1
100,1
47,1
128,1
10,1
110,1
14,1
51,1
21,1
74,1
88,1
137,1
41,1
31,1
101,1
70,1
134,1
124,1
137,1
39,1
115,1
97,1
75,1
72,1
65,1
80,1
4,1
101,1
86,1
66,1
33,1
101,1
21,1
84,1
16,1
154,1
81,1
22,1
80,1
30,1
2,1
54,1
133,1
54,1
88,1
25,1
5,1
122,1
62,1
90,1
104,1
95,1
43,1
108,1
14,1
88,1
42,1
84,1
94,1
56,1
100,1
30,1
77,1
12,1
45,1
5,1
128,1
61,1
22,1
47,1
6,1
114,1
112,1
150,1
43,1
7,1
122,1
149,1
47,1
10,1
67,1
101,1
18,1
46,1
23,1
57,1
47,1
136,1
37,1
36,1
45,1
5,1
59,1
96,1
144,1
93,1
110,1
31,1
57,1
133,1
6,1
13,1
137,1
46,1
17,1
88,1
128,1
13,1
45,1
57,1
57,1
95,1
101,1
84,1
133,1
116,1
142,1
144,1
77,1
133,1
72,1
46,1
19,1
5,1
12,1
133,1
42,1
98,1
0,1
122,1
130,1
22,1
145,1
25,1
142,1
47,1
29,1
144,1
130,1
47,1
27,1
81,1
11,1
123,1
45,1
142,1
142,1
27,1
80,1
38,1
3,1
71,1
154,1
102,1
99,1
14,1
34,1
70,1
13,1
36,1
36,1
10,1
150,1
56,1
85,1
97,1
151,1
130,1
142,1
137,1
69,1
33,1
95,1
150,1
139,1
21,1
36,1
80,1
46,1
68,1
137,1
124,1
144,1
46,1
40,1
57,1
140,1
30,1
61,1
30,1
133,1
48,1
118,1
94,1
57,1
4,1
67,1
6,1
47,1
24,1
110,1
1,1
33,1
47,1
122,1
126,1
0,1
3,1
133,1
124,1
25,1
17,1
150,1
16,1
101,1
74,1
150,1
142,1
107,1
58,1
109,1
122,1
54,1
23,1
35,1
97,1
100,1
4,1
133,1
49,1
142,1
140,1
15,1
11,1
149,1
53,1
85,1
129,1
35,1
111,1
47,1
53,1
64,1
44,1
34,1
130,1
108,1
108,1
31,1
66,1
102,1
31,1
44,1
36,1
63,1
67,1
1,1
3,1
66,1
63,1
103,1
124,1
127,1
29,1
134,1
81,1
13,1
119,1
107,1
48,1
123,1
42,1
111,1
23,1
108,1
130,1
46,1
96,1
124,1
42,1
59,1
83,1
3,1
108,1
143,1
56,1
4,1
77,1
31,1
128,1
74,1
82,1
2,1
1,1
89,1
133,1
33,1
52,1
4,1
8,1
52,1
154,1
59,1
64,1
96,1
109,1
75,1
47,1
122,1
124,1
108,1
107,1
68,1
76,1
90,1
24,1
112,1
23,1
45,1
59,1
123,1
59,1
129,1
1,1
128,1
50,1
4,1
105,1
2,1
126,1
59,1
41,1
53,1
23,1
9,1
25,1
127,1
151,1
47,1
30,1
35,1
120,1
47,1
118,1
46,1
52,1
94,1
50,1
93,1
140,1
53,1
57,1
123,1
57,1
47,1
23,1
121,1
78,1
2,1
1,1
30,1
47,1
126,1
77,1
47,1
83,1
128,1
122,1
72,1
88,1
115,1
64,1
102,1
32,1
43,1
53,1
79,1
31,1
86,1
63,1
34,1
133,1
109,1
4,1
115,1
6,1
66,1
64,1
76,1
118,1
52,1
25,1
17,1
134,1
34,1
128,1
141,1
120,1
105,1
45,1
4,1
112,1
0,1
53,1
39,1
25,1
47,1
122,1
72,1
56,1
120,1
133,1
7,1
133,1
26,1
118,1
76,1
105,1
127,1
143,1
142,1
54,1
43,1
151,1
79,1
79,1
47,1
8,1
122,1
124,1
40,1
77,1
32,1
14,1
6,1
101,1
120,1
25,1
53,1
44,1
5,1
100,1
106,1
59,1
17,1
127,1
109,1
46,1
40,1
125,1
26,1
30,1
22,1
118,1
56,1
149,1
127,1
142,1
133,1
144,1
37,1
20,1
95,1
46,1
29,1
150,1
115,1
125,1
47,1
47,1
9,1
37,1
46,1
47,1
16,1
93,1
134,1
4,1
124,1
98,1
154,1
133,1
93,1
47,1
29,1
20,1
0,1
13,1
6,1
36,1
133,1
133,1
118,1
122,1
134,1
40,1
98,1
113,1
115,1
36,1
51,1
96,1
7,1
115,1
33,1
133,1
69,1
91,1
0,1
143,1
37,1
100,1
35,1
30,1
29,1
120,1
46,1
144,1
65,1
139,1
73,1
32,1
114,1
57,1
66,1
90,1
122,1
26,1
4,1
151,1
109,1
105,1
1,1
142,1
109,1
74,1
108,1
92,1
151,1
133,1
8,1
53,1
58,1
137,1
89,1
134,1
21,1
29,1
2,1
23,1
137,1
80,1
81,1
133,1
106,1
17,1
100,1
25,1
8,1
25,1
78,1
133,1
38,1
80,1
92,1
74,1
2,1
3,1
64,1
33,1
16,1
46,1
74,1
127,1
111,1
3,1
99,1
73,1
127,1
29,1
29,1
133,1
101,1
100,1
104,1
133,1
33,1
56,1
45,1
131,1
133,1
108,1
16,1
85,1
31,1
137,1
133,1
21,1
60,1
31,1
58,1
21,1
63,1
69,1
127,1
6,1
96,1
108,1
128,1
46,1
7,1
110,1
51,1
90,1
19,1
11,1
25,1
133,1
127,1
0,1
61,1
26,1
145,1
72,1
8,1
133,1
28,1
131,1
82,1
26,1
0,1
145,1
72,1
73,1
11,1
75,1
107,1
125,1
43,1
20,1
101,1
137,1
90,1
150,1
111,1
79,1
61,1
109,1
37,1
69,1
95,1
47,1
142,1
99,1
32,1
115,1
85,1
133,1
64,1
85,1
107,1
45,1
11,1
93,1
145,1
76,1
26,1
31,1
143,1
118,1
93,1
54,1
73,1
21,1
81,1
15,1
150,1
79,1
147,1
32,1
142,1
133,1
15,1
69,1
64,1
15,1
110,1
83,1
130,1
11,1
39,1
60,1
126,1
108,1
97,1
87,1
105,1
113,1
43,1
81,1
119,1
128,1
115,1
106,1
31,1
82,1
151,1
14,1
22,1
66,1
95,1
61,1
125,1
72,1
111,1
140,1
124,1
105,1
128,1
111,1
19,1
38,1
74,1
32,1
42,1
133,1
130,1
145,1
56,1
76,1
40,1
74,1
61,1
52,1
133,1
29,1
146,1
34,1
15,1
53,1
93,1
74,1
142,1
4,1
23,1
121,1
64,1
133,1
47,1
25,1
7,1
90,1
47,1
141,1
47,1
53,1
79,1
62,1
42,1
39,1
38,1
76,1
5,1
133,1
49,1
34,1
42,1
147,1
85,1
37,1
142,1
126,1
144,1
47,1
113,1
48,1
17,1
29,1
67,1
142,1
128,1
49,1
37,1
0,1
6,1
47,1
117,1
14,1
64,1
142,1
93,1
136,1
58,1
45,1
133,1
73,1
106,1
49,1
141,1
105,1
41,1
10,1
79,1
7,1
13,1
25,1
37,1
38,1
31,1
34,1
23,1
110,1
24,1
80,1
112,1
108,1
39,1
104,1
91,1
103,1
27,1
124,1
54,1
121,1
115,1
5,1
145,1
145,1
146,1
131,1
75,1
42,1
6,1
140,1
66,1
66,1
89,1
126,1
85,1
21,1
89,1
120,1
103,1
3,1
5,1
152,1
133,1
58,1
21,1
40,1
110,1
147,1
139,1
93,1
58,1
56,1
85,1
138,1
121,1
22,1
151,1
53,1
81,1
133,1
60,1
97,1
142,1
59,1
152,1
50,1
90,1
16,1
140,1
124,1
133,1
112,1
122,1
18,1
94,1
85,1
97,1
133,1
107,1
123,1
133,1
133,1
5,1
39,1
32,1
43,1
85,1
5,1
134,1
139,1
82,1
71,1
134,1
52,1
25,1
6,1
141,1
79,1
39,1
53,1
147,1
143,1
86,1
133,1
144,1
45,1
4,1
85,1
47,1
145,1
139,1
111,1
16,1
10,1
111,1
32,1
29,1
2,1
37,1
45,1
61,1
97,1
135,1
80,1
14,1
24,1
88,1
111,1
14,1
37,1
94,1
151,1
69,1
63,1
14,1
117,1
24,1
124,1
24,1
47,1
81,1
105,1
58,1
133,1
59,1
140,1
16,1
129,1
37,1
119,1
46,1
9,1
78,1
106,1
30,1
137,1
7,1
133,1
47,1
108,1
7,1
77,1
90,1
2,1
9,1
69,1
142,1
42,1
88,1
52,1
142,1
133,1
71,1
82,1
14,1
30,1
123,1
76,1
112,1
139,1
14,1
49,1
112,1
74,1
79,1
133,1
47,1
73,1
41,1
149,1
149,1
108,1
35,1
39,1
99,1
15,1
7,1
100,1
2,1
47,1
131,1
133,1
97,1
66,1
109,1
53,1
9,1
71,1
137,1
112,1
136,1
88,1
144,1
92,1
1,1
88,1
112,1
104,1
82,1
52,1
133,1
89,1
16,1
143,1
15,1
123,1
28,1
77,1
80,1
37,1
139,1
145,1
140,1
85,1
133,1
117,1
139,1
141,1
137,1
99,1
42,1
39,1
67,1
4,1
47,1
122,1
142,1
114,1
42,1
16,1
74,1
114,1
117,1
7,1
31,1
145,1
24,1
128,1
49,1
106,1
29,1
137,1
47,1
128,1
100,1
67,1
100,1
133,1
151,1
75,1
6,1
25,1
43,1
118,1
130,1
79,1
31,1
4,1
111,1
29,1
126,1
77,1
84,1
97,1
60,1
4,1
86,1
115,1
47,1
127,1
66,1
57,1
3,1
138,1
25,1
4,1
30,1
101,1
77,1
143,1
111,1
21,1
134,1
38,1
72,1
15,1
38,1
97,1
126,1
23,1
89,1
47,1
58,1
131,1
66,1
47,1
14,1
144,1
103,1
85,1
43,1
9,1
122,1
32,1
29,1
150,1
22,1
90,1
95,1
133,1
54,1
144,1
94,1
72,1
126,1
55,1
9,1
91,1
117,1
76,1
62,1
39,1
15,1
52,1
142,1
40,1
47,1
134,1
132,1
24,1
122,1
128,1
19,1
124,1
54,1
85,1
136,1
24,1
99,1
50,1
133,1
41,1
35,1
4,1
3,1
144,1
12,1
133,1
81,1
137,1
70,1
133,1
93,1
116,1
2,1
45,1
129,1
135,1
17,1
6,1
68,1
10,1
134,1
54,1
81,1
145,1
95,1
112,1
7,1
44,1
5,1
31,1
27,1
36,1
107,1
31,1
59,1
133,1
29,1
116,1
133,1
100,1
133,1
88,1
0,1
71,1
19,1
26,1
39,1
137,1
48,1
17,1
93,1
12,1
88,1
36,1
102,1
49,1
79,1
22,1
92,1
91,1
47,1
123,1
134,1
108,1
97,1
128,1
10,1
101,1
152,1
112,1
109,1
103,1
101,1
58,1
132,1
17,1
6,1
122,1
60,1
105,1
64,1
42,1
51,1
88,1
125,1
82,1
14,1
143,1
68,1
12,1
130,1
142,1
12,1
130,1
104,1
35,1
13,1
70,1
88,1
13,1
142,1
133,1
50,1
109,1
117,1
47,1
12,1
44,1
150,1
3,1
13,1
44,1
76,1
47,1
148,1
67,1
7,1
133,1
115,1
48,1
33,1
148,1
48,1
108,1
78,1
19,1
123,1
60,1
47,1
20,1
126,1
8,1
102,1
77,1
27,1
54,1
108,1
32,1
27,1
52,1
77,1
89,1
102,1
120,1
57,1
70,1
85,1
42,1
17,1
46,1
28,1
149,1
109,1
52,1
93,1
25,1
5,1
133,1
133,1
10,1
107,1
128,1
36,1
121,1
69,1
127,1
130,1
30,1
142,1
28,1
133,1
19,1
89,1
133,1
49,1
106,1
60,1
102,1
133,1
47,1
108,1
84,1
36,1
36,1
66,1
108,1
100,1
96,1
119,1
98,1
114,1
63,1
81,1
130,1
128,1
95,1
58,1
23,1
100,1
10,1
45,1
111,1
64,1
52,1
22,1
34,1
61,1
128,1
39,1
133,1
64,1
70,1
73,1
73,1
145,1
127,1
124,1
119,1
61,1
37,1
73,1
124,1
112,1
66,1
50,1
23,1
97,1
11,1
55,1
149,1
130,1
9,1
103,1
97,1
23,1
43,1
59,1
85,1
24,1
133,1
15,1
5,1
1,1
123,1
11,1
35,1
31,1
99,1
68,1
65,1
138,1
78,1
108,1
8,1
94,1
71,1
128,1
57,1
76,1
140,1
68,1
146,1
129,1
85,1
39,1
66,1
133,1
111,1
60,1
1,1
39,1
118,1
145,1
143,1
99,1
65,1
93,1
108,1
111,1
6,1
25,1
120,1
18,1
35,1
31,1
122,1
139,1
2,1
79,1
50,1
86,1
138,1
56,1
9,1
117,1
14,1
125,1
90,1
146,1
47,1
142,1
101,1
131,1
37,1
74,1
7,1
150,1
44,1
108,1
79,1
96,1
15,1
52,1
18,1
57,1
111,1
52,1
7,1
47,1
143,1
4,1
120,1
98,1
29,1
92,1
36,1
138,1
100,1
36,1
70,1
46,1
87,1
7,1
11,1
39,1
72,1
19,1
110,1
131,1
6,1
2,1
44,1
1,1
18,1
122,1
148,1
149,1
8,1
133,1
17,1
16,1
147,1
102,1
133,1
108,1
133,1
133,1
38,1
137,1
145,1
50,1
35,1
47,1
133,1
95,1
129,1
4,1
109,1
30,1
45,1
47,1
120,1
91,1
45,1
116,1
47,1
59,1
84,1
53,1
18,1
46,1
134,1
123,1
25,1
36,1
150,1
5,1
47,1
141,1
67,1
100,1
126,1
46,1
71,1
95,1
137,1
134,1
89,1
49,1
36,1
4,1
72,1
84,1
85,1
68,1
14,1
141,1
82,1
130,1
69,1
17,1
43,1
143,1
14,1
28,1
134,1
122,1
130,1
50,1
74,1
112,1
51,1
31,1
18,1
48,1
43,1
128,1
33,1
15,1
116,1
16,1
100,1
52,1
25,1
4,1
95,1
88,1
48,1
145,1
25,1
7,1
71,1
65,1
27,1
67,1
109,1
142,1
100,1
150,1
30,1
90,1
137,1
72,1
119,1
133,1
105,1
62,1
74,1
18,1
95,1
12,1
33,1
26,1
30,1
125,1
133,1
115,1
88,1
79,1
103,1
150,1
55,1
23,1
89,1
30,1
131,1
49,1
66,1
83,1
133,1
95,1
46,1
85,1
29,1
80,1
25,1
31,1
114,1
29,1
50,1
72,1
142,1
83,1
18,1
145,1
57,1
150,1
102,1
154,1
20,1
90,1
6,1
128,1
68,1
96,1
47,1
86,1
61,1
16,1
19,1
56,1
115,1
99,1
145,1
142,1
41,1
18,1
80,1
142,1
91,1
49,1
29,1
11,1
148,1
138,1
30,1
47,1
114,1
21,1
124,1
45,1
92,1
86,1
142,1
86,1
104,1
24,1
61,1
49,1
22,1
41,1
133,1
26,1
141,1
10,1
143,1
128,1
136,1
16,1
29,1
2,1
71,1
25,1
93,1
139,1
26,1
102,1
28,1
60,1
67,1
64,1
92,1
151,1
3,1
137,1
91,1
36,1
137,1
96,1
18,1
64,1
131,1
102,1
122,1
71,1
39,1
21,1
71,1
8,1
31,1
68,1
26,1
77,1
108,1
64,1
54,1
114,1
54,1
57,1
2,1
7,1
30,1
71,1
14,1
26,1
0,1
26,1
142,1
144,1
4,1
1,1
133,1
131,1
39,1
91,1
92,1
69,1
133,1
91,1
54,1
151,1
42,1
47,1
97,1
119,1
112,1
100,1
106,1
134,1
47,1
26,1
47,1
47,1
73,1
85,1
97,1
45,1
87,1
142,1
57,1
117,1
61,1
139,1
125,1
150,1
99,1
104,1
58,1
75,1
94,1
3,1
100,1
8,1
133,1
76,1
109,1
111,1
100,1
17,1
26,1
46,1
77,1
37,1
146,1
31,1
120,1
58,1
115,1
2,1
39,1
30,1
7,1
104,1
115,1
60,1
133,1
126,1
41,1
144,1
6,1
6,1
14,1
79,1
3,1
122,1
74,1
8,1
12,1
122,1
79,1
105,1
20,1
150,1
74,1
40,1
105,1
106,1
143,1
42,1
98,1
100,1
40,1
12,1
69,1
73,1
9,1
26,1
144,1
101,1
14,1
145,1
135,1
104,1
1,1
133,1
22,1
49,1
77,1
115,1
93,1
105,1
27,1
14,1
125,1
7,1
5,1
102,1
148,1
59,1
30,1
16,1
40,1
21,1
143,1
36,1
94,1
12,1
139,1
98,1
143,1
6,1
124,1
87,1
91,1
99,1
21,1
104,1
132,1
141,1
44,1
141,1
119,1
114,1
11,1
102,1
12,1
1,1
49,1
9,1
100,1
49,1
44,1
44,1
104,1
77,1
69,1
64,1
20,1
88,1
100,1
8,1
70,1
77,1
113,1
88,1
101,1
94,1
24,1
26,1
110,1
122,1
71,1
18,1
28,1
124,1
74,1
137,1
46,1
111,1
138,1
117,1
135,1
35,1
116,1
45,1
95,1
11,1
136,1
3,1
95,1
20,1
45,1
133,1
127,1
38,1
128,1
106,1
71,1
115,1
124,1
2,1
15,1
100,1
98,1
64,1
132,1
9,1
30,1
116,1
149,1
57,1
109,1
61,1
110,1
4,1
61,1
59,1
3,1
125,1
17,1
49,1
142,1
8,1
126,1
73,1
19,1
129,1
30,1
33,1
66,1
148,1
29,1
58,1
36,1
117,1
54,1
104,1
151,1
24,1
23,1
45,1
63,1
15,1
133,1
39,1
148,1
129,1
106,1
139,1
131,1
25,1
53,1
3,1
36,1
128,1
70,1
134,1
45,1
2,1
127,1
120,1
88,1
142,1
133,1
88,1
111,1
47,1
123,1
103,1
30,1
37,1
27,1
17,1
154,1
146,1
25,1
118,1
133,1
57,1
73,1
27,1
143,1
27,1
2,1
59,1
98,1
95,1
139,1
144,1
146,1
150,1
42,1
111,1
109,1
23,1
46,1
142,1
71,1
20,1
1,1
8,1
97,1
66,1
92,1
128,1
142,1
99,1
134,1
133,1
42,1
93,1
6,1
6,1
103,1
115,1
136,1
46,1
114,1
131,1
84,1
49,1
116,1
14,1
64,1
151,1
128,1
92,1
107,1
92,1
2,1
117,1
39,1
152,1
42,1
137,1
17,1
4,1
142,1
20,1
133,1
50,1
35,1
40,1
43,1
30,1
141,1
143,1
87,1
101,1
83,1
105,1
96,1
68,1
149,1
108,1
137,1
55,1
117,1
56,1
7,1
72,1
133,1
111,1
117,1
115,1
31,1
39,1
34,1
133,1
96,1
5,1
17,1
74,1
81,1
49,1
55,1
26,1
91,1
8,1
142,1
97,1
112,1
62,1
37,1
23,1
77,1
21,1
18,1
87,1
56,1
126,1
92,1
30,1
99,1
97,1
8,1
103,1
66,1
108,1
46,1
130,1
81,1
116,1
12,1
57,1
42,1
31,1
51,1
79,1
16,1
77,1
97,1
66,1
20,1
8,1
68,1
80,1
46,1
29,1
29,1
35,1
99,1
33,1
66,1
122,1
8,1
30,1
133,1
86,1
80,1
124,1
46,1
102,1
115,1
25,1
120,1
39,1
11,1
17,1
85,1
132,1
84,1
134,1
104,1
10,1
43,1
106,1
30,1
50,1
29,1
26,1
52,1
17,1
69,1
42,1
90,1
133,1
151,1
133,1
41,1
37,1
44,1
45,1
30,1
122,1
19,1
142,1
121,1
113,1
128,1
29,1
51,1
124,1
31,1
48,1
148,1
135,1
150,1
84,1
26,1
136,1
61,1
82,1
4,1
27,1
31,1
56,1
1,1
60,1
124,1
134,1
31,1
150,1
129,1
97,1
93,1
65,1
45,1
94,1
102,1
73,1
3,1
64,1
15,1
133,1
57,1
133,1
97,1
128,1
133,1
31,1
35,1
100,1
49,1
14,1
18,1
89,1
16,1
33,1
88,1
107,1
99,1
95,1
47,1
95,1
127,1
123,1
145,1
14,1
117,1
133,1
115,1
72,1
46,1
56,1
75,1
111,1
35,1
89,1
20,1
36,1
130,1
37,1
129,1
133,1
38,1
127,1
141,1
18,1
125,1
106,1
73,1
126,1
131,1
44,1
3,1
91,1
132,1
47,1
52,1
92,1
116,1
1,1
74,1
23,1
88,1
98,1
78,1
10,1
48,1
50,1
144,1
133,1
92,1
82,1
55,1
0,1
94,1
127,1
82,1
129,1
40,1
111,1
50,1
37,1
17,1
30,1
128,1
114,1
108,1
151,1
100,1
40,1
61,1
47,1
35,1
129,1
97,1
129,1
133,1
75,1
1,1
47,1
45,1
48,1
52,1
130,1
142,1
7,1
46,1
53,1
65,1
146,1
141,1
48,1
78,1
134,1
90,1
121,1
142,1
73,1
2,1
16,1
35,1
85,1
114,1
134,1
30,1
68,1
47,1
65,1
133,1
71,1
122,1
115,1
107,1
9,1
102,1
30,1
140,1
21,1
148,1
134,1
132,1
69,1
139,1
7,1
105,1
2,1
124,1
88,1
123,1
131,1
47,1
66,1
7,1
31,1
138,1
14,1
89,1
49,1
12,1
79,1
61,1
120,1
107,1
53,1
25,1
128,1
24,1
48,1
60,1
71,1
5,1
36,1
57,1
122,1
101,1
71,1
26,1
71,1
48,1
52,1
118,1
128,1
63,1
14,1
5,1
102,1
57,1
29,1
145,1
72,1
87,1
84,1
145,1
34,1
36,1
46,1
9,1
133,1
25,1
42,1
48,1
142,1
17,1
6,1
141,1
7,1
137,1
142,1
36,1
101,1
1,1
82,1
33,1
45,1
38,1
13,1
131,1
45,1
47,1
105,1
33,1
88,1
7,1
32,1
134,1
85,1
9,1
57,1
6,1
117,1
120,1
63,1
95,1
130,1
118,1
113,1
128,1
151,1
47,1
100,1
81,1
36,1
88,1
96,1
130,1
133,1
149,1
41,1
74,1
47,1
130,1
133,1
37,1
30,1
130,1
24,1
93,1
21,1
99,1
29,1
134,1
23,1
134,1
23,1
86,1
17,1
133,1
126,1
53,1
94,1
18,1
25,1
109,1
128,1
47,1
46,1
17,1
47,1
68,1
56,1
108,1
117,1
149,1
133,1
43,1
80,1
91,1
22,1
112,1
57,1
140,1
47,1
93,1
135,1
30,1
3,1
68,1
56,1
42,1
62,1
46,1
70,1
120,1
94,1
145,1
27,1
20,1
110,1
74,1
60,1
117,1
56,1
20,1
21,1
58,1
33,1
130,1
133,1
34,1
133,1
92,1
106,1
46,1
66,1
73,1
3,1
133,1
7,1
93,1
67,1
65,1
95,1
151,1
122,1
23,1
128,1
111,1
129,1
122,1
130,1
109,1
25,1
6,1
79,1
4,1
88,1
13,1
15,1
45,1
143,1
103,1
107,1
0,1
44,1
107,1
48,1
7,1
32,1
151,1
23,1
110,1
130,1
39,1
23,1
51,1
22,1
43,1
140,1
50,1
86,1
53,1
117,1
74,1
28,1
133,1
84,1
44,1
104,1
153,1
123,1
48,1
113,1
23,1
55,1
23,1
47,1
149,1
54,1
111,1
63,1
145,1
137,1
33,1
132,1
137,1
34,1
66,1
50,1
152,1
151,1
95,1
109,1
24,1
111,1
43,1
53,1
49,1
145,1
40,1
17,1
133,1
69,1
69,1
3,1
74,1
106,1
34,1
53,1
142,1
47,1
95,1
7,1
124,1
121,1
86,1
46,1
65,1
119,1
78,1
54,1
145,1
10,1
47,1
78,1
2,1
111,1
46,1
86,1
118,1
7,1
144,1
130,1
28,1
140,1
74,1
37,1
103,1
93,1
118,1
122,1
29,1
47,1
126,1
88,1
58,1
30,1
9,1
69,1
16,1
11,1
27,1
114,1
122,1
122,1
43,1
8,1
111,1
75,1
25,1
57,1
139,1
130,1
144,1
133,1
39,1
133,1
145,1
30,1
9,1
43,1
24,1
66,1
117,1
46,1
100,1
142,1
118,1
109,1
47,1
83,1
30,1
133,1
68,1
46,1
38,1
108,1
116,1
57,1
56,1
57,1
137,1
117,1
113,1
77,1
130,1
101,1
68,1
66,1
100,1
120,1
52,1
108,1
82,1
111,1
85,1
47,1
118,1
104,1
42,1
64,1
103,1
33,1
133,1
132,1
129,1
47,1
68,1
133,1
120,1
100,1
77,1
22,1
16,1
56,1
88,1
12,1
66,1
144,1
66,1
87,1
124,1
33,1
40,1
66,1
35,1
137,1
147,1
98,1
26,1
74,1
0,1
9,1
151,1
58,1
4,1
123,1
109,1
49,1
46,1
100,1
19,1
54,1
29,1
66,1
47,1
133,1
84,1
124,1
100,1
59,1
111,1
27,1
107,1
143,1
59,1
128,1
88,1
141,1
124,1
149,1
52,1
134,1
54,1
142,1
96,1
130,1
90,1
48,1
42,1
94,1
92,1
83,1
27,1
130,1
114,1
81,1
21,1
2,1
107,1
146,1
145,1
126,1
133,1
110,1
47,1
37,1
15,1
69,1
4,1
127,1
104,1
64,1
0,1
125,1
46,1
57,1
35,1
98,1
11,1
39,1
87,1
42,1
111,1
139,1
149,1
85,1
85,1
114,1
111,1
108,1
108,1
109,1
99,1
122,1
53,1
113,1
115,1
107,1
19,1
128,1
75,1
75,1
113,1
46,1
20,1
16,1
115,1
66,1
97,1
142,1
83,1
71,1
46,1
12,1
29,1
135,1
45,1
57,1
110,1
49,1
141,1
59,1
150,1
24,1
145,1
88,1
80,1
111,1
26,1
81,1
5,1
31,1
77,1
42,1
66,1
2,1
85,1
36,1
88,1
94,1
118,1
22,1
45,1
30,1
87,1
124,1
112,1
127,1
20,1
89,1
130,1
37,1
139,1
46,1
151,1
128,1
29,1
107,1
57,1
120,1
30,1
42,1
85,1
26,1
79,1
15,1
145,1
135,1
47,1
88,1
151,1
147,1
100,1
56,1
60,1
6,1
67,1
66,1
36,1
47,1
62,1
129,1
103,1
140,1
48,1
148,1
94,1
0,1
33,1
57,1
154,1
57,1
133,1
12,1
48,1
67,1
9,1
37,1
54,1
18,1
23,1
33,1
103,1
32,1
27,1
50,1
140,1
143,1
113,1
44,1
87,1
78,1
127,1
23,1
79,1
95,1
78,1
135,1
2,1
144,1
57,1
88,1
72,1
42,1
69,1
22,1
44,1
47,1
137,1
133,1
127,1
87,1
5,1
89,1
124,1
107,1
35,1
128,1
102,1
50,1
101,1
74,1
133,1
108,1
106,1
90,1
57,1
130,1
4,1
94,1
100,1
71,1
9,1
18,1
37,1
135,1
82,1
0,1
14,1
46,1
92,1
146,1
142,1
40,1
95,1
40,1
59,1
95,1
31,1
136,1
133,1
51,1
133,1
72,1
20,1
146,1
0,1
29,1
110,1
81,1
11,1
78,1
77,1
133,1
56,1
32,1
30,1
8,1
5,1
28,1
17,1
100,1
114,1
47,1
46,1
48,1
99,1
83,1
89,1
120,1
6,1
67,1
120,1
94,1
139,1
79,1
57,1
72,1
5,1
145,1
119,1
33,1
93,1
90,1
47,1
62,1
102,1
138,1
46,1
1,1
87,1
30,1
119,1
90,1
39,1
76,1
9,1
133,1
12,1
86,1
67,1
70,1
31,1
9,1
23,1
133,1
137,1
47,1
145,1
137,1
37,1
0,1
0,1
78,1
108,1
49,1
29,1
31,1
39,1
125,1
105,1
143,1
93,1
111,1
86,1
117,1
143,1
131,1
77,1
47,1
0,1
112,1
133,1
63,1
36,1
76,1
97,1
141,1
37,1
51,1
126,1
19,1
81,1
151,1
127,1
79,1
114,1
102,1
6,1
75,1
103,1
145,1
85,1
19,1
118,1
98,1
26,1
137,1
69,1
74,1
61,1
42,1
143,1
142,1
126,1
82,1
113,1
29,1
130,1
72,1
60,1
81,1
75,1
9,1
80,1
50,1
111,1
133,1
8,1
39,1
21,1
31,1
59,1
91,1
128,1
47,1
95,1
35,1
79,1
9,1
54,1
66,1
97,1
125,1
39,1
32,1
9,1
3,1
59,1
65,1
109,1
89,1
7,1
43,1
142,1
38,1
16,1
79,1
30,1
152,1
36,1
142,1
133,1
12,1
64,1
133,1
85,1
144,1
41,1
36,1
2,1
133,1
34,1
35,1
48,1
12,1
9,1
24,1
138,1
132,1
146,1
46,1
52,1
76,1
133,1
134,1
101,1
90,1
145,1
149,1
27,1
151,1
68,1
121,1
6,1
78,1
20,1
6,1
27,1
91,1
123,1
81,1
40,1
40,1
37,1
60,1
80,1
3,1
89,1
56,1
23,1
20,1
64,1
30,1
41,1
57,1
129,1
2,1
82,1
128,1
58,1
38,1
142,1
44,1
48,1
72,1
102,1
88,1
84,1
109,1
5,1
96,1
147,1
128,1
100,1
119,1
24,1
20,1
90,1
119,1
73,1
33,1
111,1
130,1
100,1
43,1
26,1
130,1
22,1
81,1
14,1
102,1
44,1
57,1
133,1
58,1
38,1
102,1
17,1
32,1
14,1
28,1
112,1
13,1
74,1
133,1
115,1
129,1
69,1
56,1
34,1
135,1
103,1
24,1
142,1
118,1
52,1
100,1
133,1
64,1
100,1
123,1
12,1
61,1
86,1
68,1
85,1
104,1
73,1
100,1
86,1
6,1
12,1
68,1
17,1
93,1
46,1
27,1
46,1
47,1
70,1
43,1
5,1
2,1
126,1
103,1
122,1
13,1
1,1
47,1
139,1
74,1
130,1
6,1
37,1
142,1
112,1
116,1
133,1
129,1
52,1
91,1
78,1
45,1
84,1
20,1
9,1
135,1
118,1
19,1
148,1
49,1
11,1
46,1
34,1
122,1
57,1
46,1
10,1
66,1
34,1
80,1
132,1
138,1
92,1
39,1
133,1
29,1
92,1
5,1
88,1
37,1
104,1
47,1
60,1
62,1
45,1
140,1
29,1
23,1
11,1
46,1
138,1
124,1
6,1
121,1
31,1
0,1
15,1
29,1
51,1
72,1
104,1
72,1
21,1
3,1
118,1
120,1
128,1
30,1
110,1
132,1
80,1
34,1
78,1
32,1
14,1
64,1
150,1
107,1
45,1
142,1
71,1
123,1
33,1
4,1
93,1
36,1
142,1
110,1
48,1
67,1
99,1
84,1
72,1
56,1
1,1
57,1
98,1
12,1
48,1
100,1
137,1
29,1
31,1
23,1
115,1
127,1
20,1
128,1
133,1
99,1
139,1
31,1
24,1
63,1
54,1
37,1
136,1
88,1
19,1
101,1
66,1
53,1
133,1
78,1
100,1
107,1
49,1
0,1
44,1
46,1
62,1
70,1
122,1
4,1
30,1
88,1
147,1
151,1
111,1
69,1
60,1
118,1
92,1
68,1
111,1
108,1
30,1
97,1
127,1
59,1
126,1
128,1
35,1
133,1
31,1
96,1
102,1
133,1
0,1
11,1
46,1
128,1
150,1
55,1
64,1
22,1
23,1
151,1
101,1
136,1
7,1
8,1
72,1
52,1
125,1
143,1
136,1
144,1
128,1
144,1
129,1
62,1
6,1
131,1
137,1
108,1
0,1
44,1
99,1
8,1
112,1
57,1
124,1
14,1
129,1
82,1
101,1
130,1
108,1
68,1
67,1
23,1
39,1
50,1
129,1
110,1
41,1
51,1
2,1
141,1
100,1
2,1
47,1
88,1
22,1
21,1
147,1
36,1
121,1
133,1
137,1
56,1
1,1
150,1
58,1
47,1
33,1
113,1
39,1
44,1
107,1
68,1
18,1
59,1
65,1
96,1
47,1
110,1
72,1
44,1
35,1
121,1
6,1
128,1
38,1
46,1
114,1
154,1
97,1
31,1
4,1
115,1
54,1
95,1
86,1
130,1
129,1
99,1
144,1
56,1
97,1
8,1
61,1
14,1
44,1
73,1
108,1
142,1
41,1
60,1
15,1
62,1
133,1
103,1
44,1
31,1
106,1
113,1
30,1
127,1
23,1
40,1
46,1
133,1
29,1
5,1
59,1
133,1
69,1
104,1
90,1
142,1
132,1
137,1
133,1
137,1
30,1
44,1
96,1
34,1
143,1
101,1
130,1
112,1
23,1
36,1
58,1
97,1
131,1
142,1
135,1
29,1
60,1
117,1
144,1
132,1
0,1
59,1
124,1
78,1
117,1
103,1
149,1
67,1
107,1
66,1
133,1
122,1
84,1
20,1
39,1
117,1
38,1
94,1
23,1
114,1
8,1
116,1
122,1
107,1
57,1
53,1
31,1
81,1
52,1
122,1
3,1
112,1
39,1
110,1
129,1
133,1
28,1
111,1
20,1
90,1
100,1
88,1
71,1
85,1
115,1
32,1
93,1
108,1
49,1
139,1
108,1
142,1
136,1
135,1
114,1
57,1
55,1
9,1
81,1
6,1
80,1
49,1
124,1
90,1
47,1
142,1
7,1
133,1
23,1
150,1
37,1
62,1
52,1
114,1
76,1
109,1
58,1
118,1
75,1
133,1
137,1
30,1
117,1
59,1
80,1
77,1
42,1
40,1
20,1
29,1
132,1
26,1
133,1
133,1
30,1
133,1
67,1
99,1
45,1
3,1
98,1
36,1
102,1
17,1
25,1
150,1
31,1
35,1
142,1
23,1
108,1
65,1
126,1
12,1
17,1
50,1
35,1
55,1
128,1
48,1
144,1
98,1
103,1
4,1
18,1
8,1
99,1
124,1
15,1
84,1
106,1
121,1
108,1
65,1
3,1
134,1
13,1
13,1
70,1
43,1
66,1
68,1
29,1
13,1
133,1
29,1
143,1
87,1
124,1
9,1
85,1
150,1
134,1
142,1
47,1
32,1
115,1
137,1
72,1
138,1
115,1
50,1
131,1
68,1
72,1
56,1
94,1
100,1
117,1
69,1
97,1
53,1
51,1
25,1
16,1
22,1
133,1
36,1
120,1
69,1
13,1
60,1
129,1
35,1
46,1
36,1
140,1
85,1
17,1
38,1
115,1
56,1
103,1
71,1
144,1
33,1
11,1
92,1
86,1
115,1
79,1
129,1
62,1
52,1
41,1
63,1
88,1
29,1
99,1
88,1
136,1
136,1
47,1
142,1
57,1
49,1
118,1
133,1
108,1
90,1
51,1
97,1
69,1
117,1
133,1
128,1
151,1
133,1
80,1
111,1
29,1
72,1
11,1
105,1
54,1
78,1
22,1
129,1
101,1
142,1
89,1
56,1
78,1
125,1
30,1
150,1
127,1
133,1
106,1
11,1
6,1
2,1
114,1
144,1
79,1
53,1
133,1
56,1
130,1
62,1
71,1
23,1
50,1
97,1
21,1
4,1
79,1
18,1
49,1
30,1
25,1
95,1
108,1
101,1
35,1
147,1
52,1
71,1
49,1
66,1
48,1
71,1
127,1
64,1
119,1
85,1
124,1
16,1
65,1
109,1
149,1
47,1
33,1
24,1
65,1
72,1
57,1
92,1
12,1
108,1
132,1
108,1
107,1
64,1
106,1
135,1
149,1
74,1
140,1
127,1
