114,1
82,1
69,1
43,1
146,1
120,1
30,1
136,1
53,1
128,1
132,1
88,1
87,1
35,1
82,1
41,1
111,1
134,1
46,1
138,1
129,1
133,1
1,1
47,1
17,1
108,1
13,1
33,1
77,1
128,1
49,1
110,1
132,1
113,1
28,1
46,1
149,1
76,1
0,1
145,1
45,1
139,1
34,1
83,1
46,1
18,1
133,1
14,1
73,1
13,1
72,1
114,1
30,1
128,1
82,1
18,1
134,1
63,1
19,1
28,1
149,1
90,1
42,1
47,1
111,1
127,1
29,1
53,1
133,1
26,1
83,1
10,1
118,1
87,1
148,1
153,1
8,1
76,1
60,1
55,1
128,1
46,1
52,1
56,1
140,1
58,1
7,1
17,1
7,1
85,1
100,1
61,1
47,1
140,1
1,1
114,1
47,1
91,1
133,1
32,1
36,1
90,1
63,1
56,1
19,1
128,1
133,1
12,1
137,1
5,1
66,1
124,1
7,1
19,1
112,1
102,1
133,1
23,1
86,1
31,1
113,1
92,1
41,1
102,1
7,1
22,1
122,1
30,1
40,1
25,1
74,1
89,1
7,1
142,1
17,1
95,1
102,1
128,1
119,1
25,1
81,1
149,1
15,1
63,1
18,1
145,1
141,1
14,1
56,1
140,1
60,1
117,1
35,1
89,1
21,1
114,1
122,1
77,1
97,1
62,1
90,1
146,1
10,1
42,1
50,1
148,1
139,1
123,1
14,1
133,1
142,1
82,1
28,1
109,1
35,1
25,1
19,1
104,1
40,1
112,1
89,1
134,1
23,1
83,1
69,1
7,1
80,1
145,1
26,1
46,1
133,1
118,1
82,1
127,1
142,1
108,1
89,1
13,1
109,1
137,1
19,1
124,1
26,1
22,1
127,1
26,1
120,1
142,1
60,1
141,1
14,1
66,1
29,1
52,1
85,1
28,1
28,1
122,1
52,1
29,1
10,1
2,1
101,1
1,1
132,1
10,1
88,1
120,1
30,1
122,1
27,1
77,1
125,1
101,1
53,1
128,1
105,1
45,1
145,1
89,1
47,1
7,1
2,1
111,1
107,1
43,1
141,1
139,1
131,1
133,1
19,1
47,1
146,1
24,1
127,1
46,1
16,1
18,1
56,1
92,1
35,1
25,1
65,1
102,1
46,1
27,1
117,1
144,1
41,1
48,1
116,1
37,1
117,1
141,1
16,1
146,1
6,1
30,1
45,1
143,1
50,1
51,1
47,1
151,1
9,1
110,1
14,1
29,1
21,1
86,1
47,1
142,1
40,1
47,1
101,1
42,1
134,1
26,1
69,1
129,1
143,1
134,1
89,1
72,1
65,1
74,1
4,1
101,1
81,1
142,1
33,1
101,1
3,1
85,1
139,1
12,1
97,1
30,1
83,1
30,1
2,1
54,1
133,1
54,1
88,1
128,1
17,1
122,1
62,1
82,1
104,1
77,1
118,1
108,1
14,1
88,1
42,1
85,1
134,1
141,1
30,1
30,1
77,1
74,1
68,1
1,1
122,1
61,1
58,1
63,1
6,1
114,1
112,1
18,1
12,1
7,1
53,1
126,1
126,1
9,1
14,1
101,1
18,1
46,1
128,1
28,1
1,1
124,1
37,1
24,1
37,1
5,1
59,1
96,1
15,1
91,1
111,1
38,1
28,1
147,1
53,1
13,1
122,1
102,1
57,1
133,1
122,1
102,1
45,1
47,1
57,1
77,1
110,1
84,1
133,1
129,1
9,1
144,1
77,1
133,1
72,1
128,1
19,1
5,1
16,1
133,1
127,1
82,1
0,1
122,1
131,1
22,1
47,1
10,1
123,1
47,1
29,1
69,1
130,1
123,1
108,1
96,1
12,1
123,1
45,1
142,1
142,1
21,1
96,1
40,1
3,1
67,1
154,1
102,1
73,1
14,1
35,1
70,1
13,1
68,1
46,1
126,1
68,1
57,1
84,1
97,1
123,1
77,1
123,1
137,1
69,1
33,1
134,1
149,1
46,1
18,1
24,1
80,1
46,1
122,1
151,1
124,1
52,1
122,1
34,1
47,1
149,1
126,1
61,1
30,1
133,1
48,1
69,1
94,1
28,1
67,1
111,1
6,1
8,1
36,1
110,1
1,1
33,1
133,1
142,1
101,1
15,1
30,1
133,1
4,1
28,1
140,1
11,1
16,1
101,1
85,1
59,1
128,1
143,1
58,1
109,1
122,1
122,1
30,1
7,1
97,1
28,1
4,1
133,1
142,1
142,1
140,1
14,1
12,1
120,1
53,1
84,1
129,1
23,1
111,1
44,1
53,1
36,1
44,1
33,1
76,1
100,1
115,1
31,1
66,1
102,1
21,1
129,1
125,1
63,1
15,1
102,1
25,1
7,1
54,1
139,1
124,1
142,1
4,1
134,1
75,1
14,1
119,1
19,1
42,1
133,1
37,1
110,1
30,1
30,1
76,1
122,1
96,1
34,1
35,1
59,1
83,1
3,1
30,1
143,1
127,1
4,1
132,1
31,1
49,1
74,1
82,1
2,1
101,1
75,1
133,1
55,1
52,1
4,1
8,1
127,1
35,1
57,1
30,1
148,1
56,1
75,1
14,1
124,1
124,1
108,1
103,1
48,1
76,1
76,1
128,1
72,1
14,1
128,1
59,1
122,1
59,1
129,1
1,1
127,1
4,1
50,1
99,1
116,1
126,1
23,1
50,1
127,1
23,1
118,1
28,1
47,1
141,1
47,1
17,1
35,1
120,1
47,1
101,1
28,1
6,1
91,1
49,1
84,1
140,1
53,1
9,1
128,1
57,1
89,1
58,1
121,1
77,1
111,1
1,1
128,1
133,1
128,1
132,1
133,1
130,1
28,1
128,1
42,1
126,1
115,1
128,1
102,1
21,1
43,1
122,1
79,1
44,1
87,1
63,1
150,1
133,1
141,1
29,1
116,1
122,1
141,1
125,1
127,1
31,1
48,1
14,1
13,1
134,1
125,1
122,1
136,1
120,1
140,1
47,1
122,1
108,1
116,1
1,1
39,1
47,1
141,1
53,1
72,1
53,1
120,1
133,1
126,1
133,1
115,1
37,1
82,1
99,1
141,1
143,1
47,1
7,1
36,1
122,1
83,1
131,1
47,1
8,1
142,1
12,1
104,1
77,1
56,1
14,1
127,1
71,1
120,1
25,1
32,1
6,1
125,1
100,1
106,1
59,1
151,1
127,1
50,1
46,1
127,1
64,1
26,1
30,1
22,1
118,1
54,1
127,1
32,1
142,1
133,1
144,1
37,1
20,1
95,1
128,1
133,1
47,1
149,1
40,1
133,1
47,1
10,1
31,1
128,1
70,1
120,1
93,1
94,1
4,1
122,1
98,1
12,1
133,1
98,1
33,1
29,1
20,1
43,1
13,1
141,1
112,1
133,1
133,1
117,1
128,1
135,1
40,1
98,1
113,1
64,1
15,1
51,1
80,1
7,1
149,1
33,1
133,1
69,1
91,1
0,1
143,1
31,1
100,1
47,1
47,1
50,1
120,1
46,1
7,1
63,1
139,1
119,1
25,1
114,1
57,1
46,1
90,1
4,1
104,1
110,1
4,1
34,1
105,1
0,1
47,1
13,1
74,1
46,1
92,1
122,1
133,1
8,1
122,1
58,1
151,1
89,1
134,1
21,1
29,1
111,1
23,1
142,1
80,1
81,1
133,1
106,1
126,1
100,1
8,1
8,1
8,1
87,1
133,1
64,1
80,1
133,1
74,1
50,1
66,1
34,1
33,1
5,1
46,1
88,1
25,1
111,1
122,1
69,1
114,1
124,1
23,1
30,1
133,1
101,1
27,1
112,1
47,1
47,1
35,1
45,1
98,1
133,1
47,1
35,1
89,1
19,1
11,1
133,1
21,1
60,1
31,1
102,1
37,1
63,1
2,1
127,1
51,1
133,1
70,1
128,1
127,1
47,1
110,1
1,1
132,1
1,1
11,1
142,1
133,1
128,1
0,1
22,1
99,1
35,1
22,1
46,1
133,1
10,1
93,1
148,1
26,1
0,1
71,1
72,1
73,1
126,1
75,1
107,1
125,1
35,1
20,1
101,1
136,1
90,1
126,1
111,1
79,1
60,1
109,1
2,1
60,1
82,1
47,1
56,1
99,1
32,1
115,1
75,1
133,1
64,1
84,1
107,1
69,1
11,1
93,1
145,1
79,1
140,1
58,1
2,1
72,1
82,1
54,1
73,1
21,1
81,1
15,1
57,1
79,1
72,1
35,1
142,1
133,1
15,1
138,1
44,1
6,1
57,1
98,1
83,1
16,1
39,1
150,1
138,1
42,1
97,1
76,1
105,1
113,1
118,1
134,1
119,1
128,1
116,1
114,1
40,1
96,1
15,1
14,1
30,1
6,1
132,1
61,1
35,1
72,1
111,1
39,1
122,1
107,1
128,1
111,1
105,1
102,1
86,1
32,1
17,1
133,1
97,1
142,1
44,1
76,1
40,1
74,1
66,1
50,1
133,1
29,1
77,1
144,1
37,1
129,1
93,1
131,1
142,1
45,1
23,1
121,1
116,1
133,1
47,1
48,1
7,1
76,1
18,1
128,1
133,1
53,1
79,1
34,1
124,1
39,1
24,1
74,1
5,1
133,1
142,1
142,1
149,1
147,1
85,1
27,1
34,1
100,1
57,1
47,1
113,1
8,1
17,1
29,1
16,1
142,1
66,1
6,1
129,1
0,1
29,1
133,1
117,1
139,1
64,1
122,1
93,1
128,1
58,1
45,1
133,1
139,1
104,1
6,1
141,1
105,1
38,1
10,1
79,1
29,1
144,1
25,1
16,1
64,1
31,1
34,1
30,1
110,1
36,1
75,1
17,1
108,1
26,1
47,1
91,1
101,1
44,1
142,1
122,1
51,1
116,1
30,1
14,1
47,1
146,1
131,1
88,1
12,1
142,1
140,1
66,1
111,1
89,1
126,1
94,1
21,1
89,1
120,1
103,1
68,1
5,1
66,1
133,1
58,1
50,1
69,1
111,1
30,1
42,1
74,1
58,1
56,1
85,1
126,1
49,1
20,1
142,1
53,1
132,1
133,1
111,1
133,1
47,1
59,1
30,1
50,1
90,1
45,1
140,1
128,1
133,1
112,1
151,1
18,1
94,1
134,1
97,1
133,1
73,1
124,1
133,1
133,1
20,1
104,1
127,1
118,1
85,1
50,1
134,1
139,1
82,1
128,1
132,1
142,1
128,1
122,1
122,1
97,1
137,1
141,1
147,1
143,1
85,1
133,1
6,1
64,1
4,1
134,1
47,1
109,1
139,1
99,1
16,1
25,1
26,1
100,1
63,1
2,1
19,1
128,1
61,1
97,1
135,1
148,1
14,1
24,1
88,1
113,1
14,1
70,1
94,1
69,1
70,1
138,1
14,1
138,1
24,1
122,1
18,1
68,1
97,1
105,1
58,1
133,1
17,1
140,1
16,1
129,1
44,1
119,1
6,1
10,1
78,1
106,1
30,1
128,1
21,1
133,1
133,1
108,1
7,1
81,1
87,1
2,1
28,1
69,1
128,1
42,1
133,1
51,1
142,1
133,1
29,1
82,1
47,1
29,1
124,1
76,1
116,1
139,1
35,1
63,1
112,1
87,1
82,1
133,1
28,1
128,1
41,1
149,1
149,1
102,1
35,1
26,1
99,1
6,1
7,1
30,1
2,1
47,1
131,1
133,1
97,1
66,1
50,1
124,1
10,1
69,1
122,1
112,1
136,1
85,1
101,1
92,1
125,1
88,1
112,1
104,1
82,1
127,1
133,1
89,1
17,1
73,1
15,1
122,1
14,1
77,1
131,1
72,1
143,1
45,1
129,1
85,1
133,1
117,1
23,1
141,1
47,1
105,1
42,1
45,1
138,1
7,1
133,1
124,1
128,1
114,1
47,1
140,1
135,1
114,1
117,1
128,1
31,1
126,1
150,1
128,1
127,1
106,1
7,1
50,1
142,1
128,1
32,1
18,1
126,1
133,1
0,1
89,1
6,1
25,1
118,1
118,1
130,1
130,1
13,1
4,1
111,1
29,1
112,1
77,1
84,1
97,1
60,1
49,1
74,1
115,1
133,1
141,1
23,1
109,1
49,1
137,1
1,1
54,1
30,1
101,1
77,1
110,1
15,1
23,1
74,1
43,1
72,1
37,1
36,1
134,1
142,1
6,1
89,1
142,1
58,1
89,1
12,1
89,1
1,1
34,1
103,1
85,1
24,1
28,1
122,1
1,1
29,1
66,1
127,1
76,1
93,1
133,1
52,1
63,1
94,1
39,1
47,1
55,1
128,1
89,1
26,1
131,1
17,1
38,1
17,1
149,1
28,1
40,1
13,1
89,1
77,1
150,1
124,1
141,1
114,1
123,1
54,1
88,1
110,1
128,1
124,1
29,1
133,1
26,1
14,1
4,1
41,1
144,1
16,1
133,1
134,1
47,1
70,1
133,1
93,1
117,1
67,1
25,1
19,1
135,1
101,1
6,1
121,1
10,1
134,1
54,1
81,1
145,1
89,1
50,1
7,1
42,1
17,1
37,1
27,1
64,1
58,1
126,1
59,1
97,1
15,1
43,1
133,1
72,1
133,1
84,1
0,1
71,1
19,1
116,1
37,1
123,1
48,1
5,1
78,1
122,1
133,1
120,1
129,1
4,1
79,1
99,1
92,1
91,1
133,1
122,1
134,1
118,1
134,1
111,1
10,1
139,1
152,1
119,1
109,1
103,1
126,1
101,1
133,1
46,1
112,1
6,1
142,1
111,1
118,1
42,1
123,1
83,1
150,1
82,1
145,1
128,1
126,1
12,1
34,1
142,1
126,1
130,1
104,1
13,1
13,1
102,1
96,1
13,1
28,1
133,1
50,1
109,1
117,1
89,1
52,1
44,1
147,1
69,1
46,1
44,1
76,1
47,1
148,1
118,1
7,1
133,1
115,1
142,1
33,1
134,1
28,1
108,1
78,1
19,1
124,1
60,1
25,1
150,1
126,1
8,1
102,1
77,1
28,1
54,1
108,1
25,1
125,1
4,1
89,1
133,1
102,1
120,1
30,1
2,1
75,1
42,1
115,1
100,1
28,1
17,1
124,1
51,1
131,1
32,1
140,1
89,1
133,1
48,1
110,1
128,1
53,1
51,1
126,1
127,1
131,1
30,1
142,1
28,1
142,1
19,1
89,1
133,1
34,1
111,1
60,1
102,1
133,1
47,1
109,1
84,1
36,1
12,1
66,1
108,1
104,1
47,1
119,1
98,1
112,1
3,1
79,1
99,1
128,1
95,1
112,1
23,1
99,1
48,1
45,1
111,1
14,1
52,1
22,1
34,1
61,1
128,1
115,1
133,1
59,1
68,1
73,1
73,1
142,1
124,1
151,1
119,1
61,1
21,1
111,1
124,1
112,1
66,1
34,1
14,1
133,1
106,1
111,1
139,1
91,1
28,1
103,1
89,1
58,1
43,1
30,1
81,1
141,1
133,1
15,1
50,1
113,1
124,1
11,1
45,1
64,1
107,1
40,1
62,1
68,1
89,1
104,1
127,1
90,1
71,1
122,1
32,1
90,1
140,1
42,1
146,1
118,1
85,1
150,1
66,1
133,1
111,1
60,1
9,1
19,1
72,1
153,1
111,1
99,1
122,1
93,1
129,1
111,1
6,1
25,1
120,1
150,1
45,1
31,1
122,1
11,1
116,1
97,1
50,1
86,1
136,1
27,1
53,1
38,1
14,1
28,1
90,1
95,1
133,1
142,1
139,1
130,1
40,1
77,1
7,1
150,1
44,1
17,1
133,1
82,1
15,1
124,1
47,1
8,1
111,1
122,1
63,1
14,1
106,1
4,1
120,1
98,1
30,1
133,1
12,1
110,1
100,1
47,1
70,1
53,1
86,1
7,1
65,1
69,1
72,1
19,1
55,1
131,1
128,1
15,1
44,1
2,1
18,1
127,1
76,1
128,1
32,1
133,1
17,1
37,1
72,1
114,1
133,1
127,1
133,1
133,1
43,1
137,1
30,1
50,1
35,1
8,1
89,1
95,1
26,1
4,1
17,1
30,1
45,1
133,1
120,1
91,1
25,1
89,1
47,1
59,1
84,1
128,1
47,1
128,1
134,1
124,1
25,1
124,1
70,1
3,1
133,1
127,1
67,1
8,1
126,1
141,1
71,1
85,1
128,1
134,1
89,1
4,1
36,1
29,1
48,1
81,1
132,1
65,1
14,1
141,1
133,1
134,1
37,1
17,1
43,1
143,1
14,1
1,1
134,1
122,1
31,1
69,1
74,1
112,1
53,1
37,1
18,1
48,1
17,1
128,1
33,1
15,1
115,1
16,1
30,1
49,1
10,1
49,1
88,1
47,1
8,1
1,1
10,1
7,1
52,1
65,1
27,1
45,1
109,1
142,1
26,1
47,1
30,1
87,1
137,1
72,1
104,1
133,1
105,1
62,1
134,1
126,1
77,1
12,1
57,1
26,1
47,1
34,1
133,1
116,1
133,1
79,1
138,1
14,1
117,1
23,1
83,1
30,1
95,1
47,1
54,1
135,1
133,1
84,1
145,1
94,1
19,1
83,1
10,1
39,1
114,1
63,1
66,1
63,1
47,1
83,1
18,1
47,1
33,1
30,1
101,1
54,1
46,1
81,1
122,1
128,1
68,1
96,1
47,1
89,1
61,1
42,1
19,1
56,1
112,1
105,1
30,1
52,1
40,1
150,1
90,1
133,1
91,1
133,1
65,1
11,1
74,1
122,1
137,1
47,1
102,1
21,1
122,1
45,1
92,1
86,1
47,1
85,1
114,1
150,1
66,1
142,1
22,1
14,1
133,1
27,1
22,1
10,1
110,1
150,1
121,1
16,1
71,1
117,1
128,1
25,1
93,1
141,1
112,1
14,1
126,1
60,1
116,1
52,1
134,1
69,1
30,1
122,1
91,1
141,1
127,1
96,1
0,1
67,1
133,1
102,1
122,1
54,1
39,1
21,1
6,1
38,1
30,1
68,1
39,1
77,1
108,1
24,1
3,1
143,1
54,1
57,1
2,1
7,1
30,1
128,1
14,1
41,1
0,1
115,1
142,1
37,1
4,1
34,1
133,1
81,1
39,1
91,1
133,1
136,1
133,1
91,1
110,1
151,1
151,1
47,1
97,1
112,1
102,1
32,1
120,1
134,1
47,1
26,1
47,1
133,1
73,1
88,1
81,1
111,1
87,1
122,1
57,1
117,1
60,1
47,1
150,1
40,1
116,1
104,1
22,1
75,1
94,1
30,1
46,1
1,1
133,1
76,1
109,1
111,1
47,1
17,1
17,1
122,1
77,1
37,1
92,1
40,1
126,1
109,1
26,1
37,1
116,1
30,1
7,1
112,1
69,1
57,1
133,1
45,1
22,1
11,1
35,1
6,1
34,1
130,1
3,1
122,1
79,1
14,1
127,1
122,1
132,1
105,1
66,1
66,1
74,1
37,1
105,1
110,1
111,1
28,1
90,1
12,1
72,1
12,1
122,1
129,1
126,1
26,1
16,1
110,1
14,1
145,1
135,1
104,1
1,1
133,1
22,1
121,1
77,1
115,1
14,1
120,1
27,1
14,1
43,1
122,1
17,1
102,1
81,1
139,1
143,1
139,1
40,1
21,1
114,1
36,1
89,1
11,1
139,1
135,1
143,1
149,1
122,1
86,1
82,1
105,1
21,1
104,1
132,1
151,1
45,1
127,1
112,1
101,1
11,1
102,1
12,1
1,1
50,1
126,1
32,1
121,1
44,1
144,1
104,1
77,1
101,1
34,1
138,1
142,1
100,1
57,1
70,1
130,1
110,1
81,1
101,1
135,1
25,1
26,1
108,1
122,1
71,1
18,1
10,1
128,1
135,1
142,1
127,1
58,1
52,1
117,1
76,1
145,1
115,1
45,1
95,1
11,1
141,1
3,1
85,1
20,1
42,1
133,1
124,1
100,1
126,1
106,1
12,1
64,1
124,1
145,1
144,1
48,1
98,1
64,1
78,1
10,1
30,1
69,1
110,1
32,1
107,1
60,1
110,1
4,1
61,1
103,1
26,1
125,1
142,1
49,1
141,1
102,1
126,1
21,1
19,1
118,1
14,1
33,1
142,1
88,1
6,1
58,1
125,1
117,1
54,1
30,1
151,1
34,1
23,1
9,1
63,1
55,1
89,1
111,1
134,1
151,1
106,1
110,1
82,1
47,1
151,1
64,1
124,1
128,1
95,1
134,1
45,1
35,1
141,1
120,1
89,1
128,1
133,1
133,1
110,1
47,1
127,1
103,1
30,1
122,1
27,1
66,1
30,1
85,1
28,1
118,1
133,1
1,1
55,1
21,1
106,1
141,1
24,1
59,1
77,1
134,1
30,1
22,1
133,1
150,1
12,1
122,1
109,1
30,1
127,1
122,1
111,1
30,1
9,1
28,1
130,1
71,1
92,1
128,1
52,1
149,1
92,1
133,1
12,1
134,1
6,1
51,1
58,1
115,1
126,1
122,1
114,1
81,1
85,1
49,1
116,1
28,1
43,1
51,1
128,1
97,1
107,1
92,1
2,1
114,1
56,1
152,1
127,1
122,1
17,1
128,1
128,1
20,1
133,1
65,1
28,1
43,1
47,1
20,1
23,1
117,1
131,1
101,1
83,1
143,1
79,1
24,1
149,1
102,1
21,1
106,1
117,1
21,1
57,1
54,1
133,1
110,1
117,1
116,1
31,1
116,1
35,1
133,1
135,1
5,1
17,1
74,1
81,1
49,1
55,1
111,1
91,1
57,1
142,1
97,1
31,1
65,1
37,1
47,1
76,1
20,1
18,1
78,1
3,1
126,1
92,1
30,1
110,1
133,1
28,1
103,1
89,1
150,1
122,1
77,1
82,1
115,1
12,1
57,1
42,1
2,1
53,1
79,1
42,1
94,1
4,1
128,1
20,1
47,1
142,1
82,1
6,1
128,1
71,1
35,1
99,1
33,1
54,1
122,1
28,1
30,1
133,1
90,1
129,1
124,1
12,1
42,1
26,1
25,1
120,1
19,1
11,1
17,1
47,1
132,1
85,1
134,1
114,1
141,1
128,1
104,1
28,1
6,1
29,1
99,1
124,1
118,1
101,1
44,1
90,1
133,1
69,1
133,1
24,1
67,1
51,1
150,1
30,1
123,1
19,1
47,1
50,1
113,1
46,1
3,1
51,1
141,1
39,1
126,1
97,1
135,1
150,1
89,1
3,1
138,1
152,1
82,1
4,1
27,1
140,1
56,1
45,1
141,1
122,1
134,1
26,1
139,1
129,1
133,1
82,1
65,1
28,1
92,1
102,1
55,1
127,1
41,1
15,1
133,1
128,1
133,1
135,1
127,1
133,1
2,1
2,1
47,1
127,1
14,1
25,1
134,1
16,1
57,1
88,1
99,1
127,1
146,1
133,1
97,1
8,1
53,1
70,1
14,1
149,1
89,1
30,1
109,1
128,1
56,1
75,1
111,1
35,1
89,1
20,1
34,1
135,1
56,1
118,1
133,1
38,1
141,1
46,1
9,1
24,1
106,1
73,1
126,1
130,1
14,1
3,1
90,1
132,1
133,1
52,1
92,1
115,1
1,1
82,1
109,1
49,1
134,1
87,1
28,1
48,1
51,1
144,1
133,1
92,1
82,1
55,1
53,1
133,1
127,1
133,1
114,1
150,1
70,1
127,1
37,1
17,1
30,1
128,1
114,1
145,1
122,1
128,1
2,1
61,1
133,1
58,1
129,1
92,1
129,1
133,1
75,1
43,1
133,1
24,1
10,1
112,1
130,1
122,1
6,1
128,1
68,1
52,1
132,1
46,1
25,1
77,1
134,1
90,1
50,1
47,1
73,1
2,1
16,1
8,1
85,1
101,1
92,1
3,1
64,1
133,1
67,1
133,1
69,1
124,1
5,1
11,1
10,1
102,1
118,1
129,1
21,1
79,1
134,1
132,1
69,1
47,1
57,1
19,1
70,1
124,1
47,1
124,1
131,1
47,1
128,1
7,1
19,1
138,1
35,1
133,1
52,1
12,1
79,1
61,1
120,1
107,1
54,1
72,1
128,1
38,1
48,1
60,1
151,1
17,1
6,1
56,1
53,1
101,1
29,1
26,1
71,1
8,1
52,1
19,1
128,1
63,1
63,1
5,1
102,1
57,1
142,1
145,1
72,1
133,1
131,1
50,1
110,1
47,1
46,1
9,1
133,1
25,1
48,1
28,1
47,1
149,1
6,1
22,1
46,1
47,1
6,1
50,1
101,1
16,1
87,1
44,1
68,1
24,1
13,1
131,1
45,1
47,1
105,1
150,1
79,1
122,1
36,1
134,1
85,1
62,1
57,1
142,1
117,1
120,1
63,1
97,1
53,1
118,1
113,1
128,1
142,1
133,1
100,1
90,1
127,1
88,1
90,1
12,1
133,1
17,1
40,1
86,1
47,1
130,1
133,1
37,1
28,1
97,1
40,1
131,1
17,1
99,1
42,1
134,1
3,1
134,1
13,1
77,1
17,1
133,1
122,1
53,1
92,1
28,1
25,1
38,1
100,1
133,1
124,1
57,1
133,1
40,1
53,1
108,1
19,1
137,1
133,1
115,1
83,1
135,1
151,1
112,1
28,1
112,1
89,1
93,1
135,1
30,1
121,1
68,1
35,1
42,1
36,1
46,1
70,1
116,1
94,1
12,1
27,1
66,1
110,1
97,1
6,1
120,1
56,1
51,1
44,1
58,1
33,1
44,1
133,1
34,1
133,1
89,1
143,1
46,1
52,1
73,1
24,1
133,1
7,1
131,1
128,1
65,1
84,1
6,1
122,1
21,1
128,1
110,1
129,1
122,1
130,1
109,1
8,1
6,1
97,1
4,1
89,1
18,1
110,1
122,1
143,1
103,1
106,1
0,1
144,1
126,1
8,1
7,1
95,1
151,1
47,1
114,1
135,1
101,1
144,1
52,1
21,1
72,1
140,1
50,1
95,1
53,1
117,1
74,1
28,1
133,1
85,1
44,1
112,1
12,1
151,1
28,1
113,1
6,1
110,1
23,1
133,1
149,1
151,1
111,1
126,1
142,1
123,1
57,1
132,1
136,1
122,1
30,1
50,1
126,1
122,1
134,1
109,1
0,1
111,1
47,1
53,1
13,1
142,1
64,1
5,1
47,1
70,1
141,1
3,1
133,1
106,1
34,1
53,1
127,1
47,1
95,1
7,1
53,1
51,1
86,1
124,1
128,1
114,1
78,1
54,1
57,1
10,1
133,1
78,1
116,1
111,1
46,1
74,1
19,1
7,1
42,1
134,1
142,1
43,1
76,1
37,1
103,1
93,1
35,1
18,1
30,1
47,1
127,1
96,1
58,1
128,1
9,1
46,1
16,1
113,1
125,1
149,1
47,1
122,1
43,1
28,1
110,1
75,1
28,1
9,1
139,1
124,1
23,1
133,1
37,1
133,1
14,1
30,1
53,1
37,1
40,1
66,1
117,1
1,1
23,1
142,1
118,1
124,1
47,1
81,1
17,1
133,1
25,1
127,1
40,1
108,1
39,1
46,1
56,1
28,1
6,1
110,1
118,1
77,1
87,1
109,1
128,1
11,1
21,1
120,1
123,1
108,1
82,1
102,1
90,1
142,1
118,1
104,1
42,1
0,1
43,1
18,1
133,1
132,1
129,1
133,1
24,1
133,1
120,1
32,1
90,1
109,1
37,1
50,1
133,1
11,1
3,1
144,1
66,1
131,1
53,1
33,1
28,1
61,1
6,1
124,1
32,1
98,1
26,1
74,1
138,1
10,1
52,1
58,1
121,1
141,1
21,1
29,1
46,1
32,1
37,1
52,1
29,1
66,1
133,1
133,1
146,1
122,1
102,1
59,1
37,1
47,1
107,1
99,1
102,1
71,1
47,1
46,1
122,1
116,1
4,1
134,1
29,1
53,1
135,1
135,1
90,1
28,1
142,1
97,1
134,1
98,1
27,1
19,1
67,1
96,1
21,1
65,1
107,1
132,1
99,1
66,1
133,1
11,1
133,1
124,1
14,1
18,1
4,1
64,1
104,1
64,1
15,1
0,1
127,1
25,1
128,1
98,1
11,1
19,1
87,1
72,1
111,1
142,1
116,1
88,1
75,1
114,1
111,1
111,1
108,1
13,1
99,1
53,1
122,1
113,1
115,1
101,1
19,1
30,1
75,1
133,1
120,1
22,1
61,1
2,1
115,1
16,1
134,1
47,1
135,1
52,1
14,1
12,1
29,1
135,1
117,1
47,1
110,1
126,1
124,1
20,1
101,1
71,1
57,1
133,1
90,1
111,1
26,1
98,1
17,1
117,1
74,1
42,1
122,1
122,1
87,1
142,1
133,1
134,1
127,1
59,1
45,1
47,1
78,1
142,1
112,1
141,1
20,1
97,1
98,1
37,1
129,1
46,1
136,1
128,1
29,1
107,1
57,1
120,1
68,1
42,1
131,1
26,1
79,1
15,1
52,1
87,1
133,1
88,1
151,1
127,1
102,1
7,1
61,1
6,1
111,1
128,1
141,1
47,1
67,1
42,1
103,1
140,1
48,1
135,1
85,1
0,1
129,1
150,1
126,1
33,1
133,1
12,1
48,1
2,1
9,1
37,1
4,1
47,1
23,1
33,1
103,1
53,1
8,1
50,1
149,1
139,1
120,1
1,1
80,1
78,1
127,1
23,1
74,1
134,1
78,1
135,1
151,1
34,1
102,1
88,1
30,1
42,1
72,1
22,1
44,1
47,1
126,1
133,1
25,1
87,1
0,1
89,1
141,1
107,1
86,1
126,1
47,1
50,1
101,1
87,1
133,1
108,1
106,1
90,1
26,1
95,1
139,1
82,1
32,1
71,1
128,1
18,1
145,1
135,1
131,1
0,1
14,1
46,1
92,1
130,1
6,1
40,1
97,1
40,1
59,1
95,1
27,1
151,1
133,1
53,1
133,1
72,1
69,1
146,1
0,1
142,1
111,1
130,1
11,1
130,1
77,1
133,1
56,1
6,1
30,1
14,1
1,1
28,1
149,1
100,1
114,1
47,1
128,1
47,1
99,1
83,1
89,1
99,1
6,1
62,1
23,1
134,1
17,1
76,1
129,1
2,1
43,1
47,1
119,1
25,1
93,1
132,1
89,1
62,1
102,1
138,1
122,1
125,1
79,1
109,1
119,1
80,1
39,1
76,1
9,1
133,1
126,1
65,1
70,1
67,1
31,1
118,1
116,1
133,1
14,1
142,1
102,1
53,1
69,1
0,1
67,1
131,1
30,1
3,1
63,1
31,1
39,1
35,1
105,1
143,1
133,1
111,1
74,1
39,1
110,1
131,1
90,1
142,1
0,1
101,1
133,1
71,1
151,1
82,1
95,1
141,1
15,1
50,1
151,1
113,1
81,1
151,1
28,1
79,1
31,1
114,1
6,1
75,1
118,1
128,1
146,1
129,1
118,1
98,1
36,1
57,1
122,1
94,1
60,1
18,1
143,1
47,1
150,1
83,1
129,1
128,1
133,1
23,1
6,1
81,1
75,1
10,1
96,1
50,1
110,1
133,1
127,1
2,1
144,1
39,1
103,1
91,1
128,1
47,1
93,1
12,1
79,1
9,1
50,1
66,1
134,1
142,1
39,1
32,1
127,1
3,1
66,1
11,1
109,1
97,1
7,1
17,1
133,1
64,1
16,1
82,1
128,1
152,1
36,1
142,1
89,1
12,1
64,1
133,1
85,1
144,1
30,1
141,1
2,1
133,1
9,1
35,1
127,1
12,1
51,1
70,1
138,1
132,1
97,1
46,1
52,1
76,1
133,1
25,1
101,1
90,1
141,1
149,1
10,1
46,1
129,1
46,1
6,1
85,1
29,1
6,1
14,1
91,1
141,1
92,1
40,1
40,1
142,1
50,1
80,1
128,1
134,1
112,1
23,1
20,1
32,1
30,1
43,1
57,1
129,1
2,1
92,1
122,1
150,1
26,1
142,1
44,1
100,1
54,1
102,1
133,1
85,1
141,1
127,1
96,1
128,1
128,1
30,1
99,1
38,1
61,1
90,1
119,1
111,1
33,1
139,1
130,1
145,1
43,1
26,1
77,1
42,1
81,1
14,1
102,1
44,1
57,1
133,1
58,1
41,1
152,1
17,1
124,1
14,1
47,1
109,1
13,1
74,1
47,1
115,1
14,1
72,1
56,1
15,1
135,1
30,1
0,1
122,1
118,1
4,1
1,1
133,1
115,1
100,1
136,1
142,1
61,1
77,1
67,1
84,1
108,1
73,1
30,1
78,1
122,1
12,1
108,1
6,1
93,1
127,1
45,1
42,1
133,1
37,1
14,1
3,1
60,1
47,1
109,1
122,1
34,1
1,1
47,1
110,1
78,1
130,1
127,1
108,1
142,1
112,1
120,1
133,1
42,1
54,1
92,1
78,1
45,1
85,1
12,1
44,1
135,1
118,1
2,1
95,1
49,1
11,1
141,1
34,1
47,1
150,1
127,1
28,1
46,1
6,1
80,1
130,1
101,1
92,1
39,1
133,1
46,1
92,1
17,1
88,1
53,1
55,1
33,1
53,1
128,1
45,1
149,1
63,1
23,1
16,1
126,1
138,1
122,1
142,1
121,1
31,1
70,1
128,1
29,1
11,1
102,1
104,1
72,1
57,1
3,1
118,1
120,1
128,1
100,1
110,1
132,1
82,1
15,1
132,1
72,1
14,1
0,1
28,1
114,1
34,1
142,1
71,1
123,1
10,1
4,1
93,1
46,1
142,1
110,1
48,1
31,1
99,1
85,1
72,1
56,1
150,1
33,1
98,1
114,1
8,1
69,1
50,1
29,1
31,1
14,1
110,1
1,1
47,1
128,1
133,1
99,1
139,1
31,1
36,1
29,1
52,1
2,1
123,1
88,1
19,1
139,1
29,1
151,1
133,1
78,1
7,1
149,1
72,1
0,1
44,1
46,1
108,1
67,1
122,1
50,1
127,1
88,1
127,1
122,1
128,1
6,1
60,1
118,1
92,1
68,1
111,1
125,1
25,1
97,1
100,1
59,1
126,1
128,1
14,1
133,1
2,1
133,1
102,1
133,1
0,1
11,1
46,1
71,1
66,1
55,1
5,1
23,1
23,1
122,1
122,1
136,1
7,1
8,1
2,1
122,1
141,1
143,1
136,1
14,1
47,1
55,1
1,1
17,1
129,1
77,1
122,1
7,1
69,1
44,1
73,1
8,1
7,1
57,1
124,1
30,1
113,1
82,1
101,1
32,1
108,1
43,1
67,1
103,1
108,1
49,1
126,1
110,1
40,1
53,1
37,1
141,1
33,1
140,1
47,1
133,1
60,1
47,1
150,1
36,1
3,1
133,1
14,1
56,1
1,1
62,1
109,1
133,1
127,1
113,1
39,1
44,1
107,1
65,1
28,1
66,1
65,1
81,1
142,1
110,1
69,1
44,1
14,1
66,1
122,1
122,1
40,1
122,1
114,1
8,1
97,1
31,1
29,1
115,1
54,1
85,1
81,1
130,1
64,1
99,1
144,1
69,1
97,1
1,1
61,1
1,1
44,1
139,1
108,1
122,1
43,1
112,1
15,1
70,1
133,1
103,1
44,1
41,1
106,1
113,1
30,1
32,1
23,1
24,1
127,1
133,1
29,1
44,1
127,1
133,1
2,1
104,1
90,1
47,1
132,1
89,1
133,1
137,1
47,1
44,1
74,1
15,1
111,1
101,1
130,1
5,1
23,1
36,1
58,1
97,1
134,1
122,1
135,1
29,1
60,1
117,1
144,1
74,1
0,1
58,1
124,1
87,1
120,1
101,1
17,1
67,1
107,1
66,1
133,1
124,1
84,1
137,1
129,1
117,1
40,1
94,1
30,1
114,1
8,1
122,1
122,1
107,1
154,1
122,1
31,1
134,1
52,1
128,1
21,1
112,1
2,1
110,1
119,1
133,1
9,1
110,1
20,1
76,1
23,1
128,1
16,1
81,1
39,1
32,1
132,1
108,1
52,1
139,1
101,1
122,1
138,1
135,1
139,1
47,1
6,1
9,1
81,1
127,1
93,1
49,1
122,1
75,1
133,1
142,1
128,1
133,1
22,1
145,1
2,1
62,1
128,1
2,1
76,1
58,1
58,1
12,1
75,1
133,1
123,1
57,1
117,1
59,1
80,1
132,1
42,1
43,1
28,1
29,1
132,1
39,1
133,1
133,1
29,1
133,1
18,1
111,1
1,1
121,1
98,1
124,1
102,1
55,1
25,1
69,1
37,1
28,1
14,1
23,1
102,1
151,1
126,1
12,1
57,1
50,1
1,1
55,1
10,1
28,1
144,1
98,1
58,1
46,1
17,1
8,1
99,1
123,1
15,1
89,1
106,1
151,1
108,1
67,1
3,1
134,1
102,1
13,1
4,1
43,1
128,1
53,1
128,1
13,1
133,1
29,1
46,1
78,1
128,1
9,1
81,1
139,1
134,1
142,1
47,1
56,1
26,1
137,1
43,1
122,1
31,1
4,1
131,1
43,1
72,1
69,1
134,1
73,1
117,1
69,1
134,1
124,1
128,1
25,1
63,1
22,1
133,1
124,1
105,1
45,1
44,1
60,1
149,1
29,1
46,1
50,1
129,1
82,1
17,1
40,1
116,1
99,1
103,1
148,1
144,1
57,1
11,1
92,1
74,1
117,1
133,1
2,1
36,1
127,1
24,1
66,1
133,1
29,1
99,1
74,1
136,1
128,1
133,1
47,1
42,1
127,1
118,1
133,1
30,1
89,1
53,1
97,1
69,1
37,1
133,1
128,1
52,1
133,1
133,1
114,1
51,1
118,1
11,1
143,1
49,1
87,1
23,1
70,1
144,1
128,1
89,1
23,1
130,1
24,1
20,1
150,1
46,1
133,1
117,1
142,1
6,1
26,1
102,1
11,1
130,1
127,1
133,1
56,1
89,1
62,1
49,1
11,1
50,1
97,1
54,1
7,1
79,1
18,1
47,1
30,1
25,1
77,1
52,1
101,1
35,1
36,1
0,1
136,1
127,1
66,1
8,1
128,1
46,1
0,1
101,1
85,1
4,1
16,1
136,1
30,1
127,1
133,1
33,1
24,1
141,1
72,1
127,1
92,1
11,1
54,1
132,1
13,1
107,1
43,1
106,1
97,1
149,1
74,1
60,1
127,1
