71,138
140,113
127,127
130,130
11,15
98,133
112,59
130,79
72,105
133,52
40,41
69,71
58,58
28,141
37,37
5,36
17,5
56,56
122,33
130,130
109,20
32,121
119,119
56,68
84,88
47,28
135,135
116,26
150,14
98,87
56,67
20,61
123,122
1,1
81,95
0,0
143,143
16,22
100,100
75,75
30,144
28,28
59,59
123,123
128,66
98,98
17,5
5,49
46,46
128,150
128,142
122,139
104,104
67,56
89,97
23,114
112,65
16,39
6,32
117,17
95,146
50,49
48,138
123,123
146,146
150,150
106,106
9,9
100,5
118,65
150,150
114,114
88,79
73,73
13,13
23,7
24,65
12,12
16,6
47,47
71,71
35,42
57,57
14,144
49,123
5,0
46,149
95,97
33,124
49,4
93,96
146,146
78,45
116,117
100,63
133,59
22,22
43,24
151,151
150,11
142,138
21,57
115,26
26,43
116,116
143,110
85,85
45,145
80,32
117,120
74,148
34,52
74,86
48,8
48,25
138,144
117,117
9,28
29,50
128,154
44,127
140,140
31,37
66,128
72,150
137,136
58,103
70,18
46,46
11,137
88,75
41,43
113,19
9,9
70,65
102,102
93,48
8,129
27,150
32,14
47,104
113,120
87,74
89,76
103,103
57,57
108,34
46,46
64,62
46,124
90,78
90,90
20,60
34,139
136,66
25,25
120,120
17,5
122,27
141,123
0,127
88,62
128,141
6,0
4,4
21,21
126,112
112,112
5,36
18,18
112,112
93,98
92,92
106,34
101,110
42,11
115,115
85,94
116,116
103,109
3,62
71,71
102,102
119,149
97,148
6,137
0,0
122,136
109,109
137,110
84,85
55,73
97,97
5,17
119,129
12,121
54,54
142,72
56,56
114,110
95,87
119,104
45,64
115,115
24,24
88,47
108,14
106,73
152,151
88,143
12,11
79,131
6,7
63,38
47,53
47,47
114,114
108,25
138,31
48,63
48,33
88,70
117,112
94,75
17,18
142,142
115,115
118,37
9,72
142,28
58,9
46,153
64,3
72,5
72,1
16,65
31,64
56,56
59,152
95,95
103,103
89,94
64,18
19,19
53,121
112,112
128,142
72,28
59,72
31,64
128,72
109,109
69,112
77,146
95,6
21,21
16,149
142,48
94,94
113,113
86,98
115,100
42,36
26,40
142,140
88,74
14,13
142,60
60,60
95,95
42,42
69,69
66,66
145,31
127,116
150,138
56,27
116,116
60,66
112,119
12,12
30,118
142,144
131,131
130,95
152,152
113,44
105,105
99,116
90,90
83,83
36,51
99,99
48,35
95,83
30,117
117,115
57,100
86,146
96,130
116,100
143,106
68,62
138,72
78,78
139,54
122,122
133,93
35,16
145,34
108,108
99,55
75,74
24,36
39,141
116,26
144,24
86,98
1,1
77,77
148,86
69,69
22,59
83,83
59,59
133,97
32,32
129,105
32,8
58,58
93,82
18,34
81,90
131,131
26,43
55,110
142,67
42,56
25,141
54,54
128,37
42,5
77,86
116,115
122,61
57,8
88,88
126,126
95,74
58,35
149,149
83,83
107,107
114,114
130,146
77,146
17,0
26,129
132,132
143,114
46,51
69,144
2,2
61,61
6,6
46,147
11,11
18,143
113,113
23,23
150,3
128,70
113,113
22,10
90,80
51,53
37,67
61,141
105,45
122,124
29,52
9,1
77,95
93,93
8,53
135,135
29,21
150,41
78,77
136,141
31,31
78,20
83,148
8,28
138,129
67,145
52,52
55,49
15,145
6,67
114,111
127,38
100,44
67,37
146,96
76,76
90,90
111,111
147,147
104,119
10,9
70,102
3,108
61,121
48,58
134,97
122,45
124,101
58,20
22,22
106,106
134,135
27,32
72,72
46,138
41,24
151,151
100,32
4,4
80,107
48,71
58,59
61,52
141,128
17,50
116,116
72,70
124,142
133,11
23,118
4,54
58,12
15,34
150,99
108,33
55,110
29,61
88,88
17,70
23,46
5,41
21,139
123,53
68,68
88,35
142,57
8,57
101,20
2,31
88,23
24,64
111,30
32,32
27,0
130,97
130,95
145,145
145,144
72,39
89,75
62,62
66,121
45,36
116,38
117,15
48,28
23,112
60,60
94,92
97,135
128,151
113,12
126,126
133,150
102,33
52,49
40,118
136,59
135,135
25,25
46,127
142,46
82,90
20,3
3,37
16,154
23,22
42,42
78,132
22,21
58,24
61,121
143,113
11,2
135,135
104,115
121,149
128,40
55,30
23,109
97,81
12,12
32,100
105,115
19,19
136,39
58,58
29,151
116,100
9,33
37,36
134,91
88,88
146,76
110,110
3,63
76,131
22,22
150,11
72,69
48,28
29,29
19,41
60,41
98,148
86,93
127,123
75,148
123,20
139,101
42,140
88,111
141,127
62,109
9,125
128,42
98,90
95,95
65,35
89,94
123,123
149,149
88,101
22,22
99,99
8,138
90,91
92,92
45,32
9,9
89,88
61,61
44,27
36,36
128,46
5,66
23,33
89,90
112,109
118,70
4,49
79,79
88,88
80,80
37,115
102,102
24,39
21,37
122,142
26,26
88,36
44,44
151,123
5,125
61,45
80,96
145,145
143,42
29,0
29,121
105,113
95,140
75,130
67,67
91,91
149,56
48,48
81,94
57,100
102,48
111,110
95,134
29,29
9,27
88,1
57,10
122,11
141,114
4,4
142,43
21,51
69,67
122,151
57,32
12,12
53,105
59,64
104,104
79,79
97,95
0,38
139,31
139,139
130,87
59,127
96,146
141,141
127,127
18,111
118,63
129,69
116,103
142,10
141,128
13,13
138,138
13,14
108,55
133,121
17,33
89,135
6,7
52,63
66,152
48,143
88,13
126,126
27,0
133,85
80,96
33,144
48,26
20,124
32,15
7,54
80,132
134,76
128,71
137,73
138,149
23,54
84,92
61,20
130,81
142,113
57,68
149,116
130,98
78,112
44,52
142,4
133,146
36,73
47,108
105,105
32,34
34,145
102,18
28,28
75,81
11,11
100,100
113,19
50,51
89,94
21,10
16,16
128,129
117,39
101,50
83,83
143,143
122,147
93,93
142,38
107,106
133,133
58,58
88,54
93,7
56,56
96,96
6,123
122,137
87,97
88,80
37,37
74,86
8,45
22,108
28,28
0,154
1,1
13,35
19,27
96,6
95,85
96,96
6,41
46,141
13,33
28,29
6,11
78,118
133,93
33,48
88,45
6,6
100,67
29,53
22,59
93,93
90,90
4,4
21,3
42,18
137,137
92,96
88,88
12,4
34,21
119,119
75,75
108,59
58,35
24,71
50,51
104,104
23,23
49,52
62,39
142,129
104,108
21,117
122,142
37,37
9,25
126,14
111,111
56,25
36,31
53,71
95,81
10,28
128,128
29,50
61,103
36,24
118,118
133,130
133,133
7,48
6,6
108,152
78,79
63,48
127,7
85,75
97,97
61,35
128,121
71,51
92,92
133,84
23,59
150,22
119,113
27,68
6,4
53,28
23,58
52,66
120,105
28,57
85,85
96,4
13,126
144,144
122,59
23,113
6,127
144,64
106,106
92,92
28,68
132,132
106,106
47,139
34,45
132,109
115,149
76,76
108,108
58,109
88,149
142,40
89,89
133,100
109,103
150,126
81,89
113,101
72,72
77,77
55,110
100,63
66,66
88,115
25,0
114,114
128,102
88,88
143,101
84,131
139,139
113,11
29,71
122,20
29,124
55,110
141,124
29,52
120,119
20,66
14,42
86,80
52,9
53,9
103,103
133,118
13,144
94,94
142,137
98,134
47,25
146,146
70,35
88,88
115,105
32,32
142,41
20,20
61,61
28,127
36,62
15,15
85,79
129,48
88,10
110,110
6,54
74,74
74,76
58,58
96,30
149,115
120,120
132,132
85,146
142,61
15,42
8,10
95,95
133,134
128,126
56,26
60,60
93,93
85,89
137,151
20,20
110,55
86,90
12,12
89,89
124,47
32,9
137,137
25,10
82,80
21,21
33,15
0,40
61,47
17,44
58,153
70,70
16,16
105,103
54,29
100,13
101,111
26,99
150,52
66,152
29,71
106,109
15,2
6,20
30,29
60,60
58,59
75,89
46,9
86,76
142,29
42,44
46,17
128,136
136,63
61,22
71,46
29,40
103,117
82,96
109,109
37,117
72,154
137,137
71,73
8,9
61,139
148,95
83,83
108,66
146,146
77,95
11,11
60,60
77,81
71,71
77,81
124,126
132,87
23,23
60,30
23,23
31,31
13,13
88,30
132,74
71,151
103,109
100,29
16,145
136,122
72,30
47,47
75,75
28,10
128,73
133,133
120,141
99,99
59,12
32,9
23,23
108,108
87,87
20,20
58,100
93,106
79,96
94,94
80,80
56,145
130,80
136,55
101,106
130,76
132,91
46,151
107,107
29,102
122,123
113,140
94,94
88,88
124,26
96,80
139,143
45,45
75,75
42,10
78,77
150,30
105,113
58,15
95,87
25,53
21,145
20,20
60,46
116,115
128,44
116,115
106,143
57,65
3,121
8,57
36,36
128,72
74,74
66,66
139,101
58,58
128,128
6,122
32,32
108,108
123,103
22,22
46,101
24,0
112,112
52,22
111,110
58,58
131,131
50,11
21,54
48,8
117,105
116,3
119,119
34,125
74,86
142,62
102,24
92,82
27,2
36,41
110,110
17,65
150,47
146,146
30,62
133,152
142,39
11,11
36,36
110,139
102,102
142,0
27,46
26,38
23,23
139,129
133,116
71,29
84,85
139,17
122,150
122,68
123,36
127,28
26,21
28,127
129,129
136,10
47,115
61,21
88,24
77,94
58,103
138,42
46,46
3,3
29,2
96,122
59,66
128,109
17,149
117,70
80,69
100,152
118,40
13,13
45,144
122,105
35,52
83,83
29,54
19,19
143,55
60,60
95,95
80,26
149,113
6,152
47,22
7,4
78,17
5,38
101,11
36,45
151,151
74,148
54,54
123,137
107,23
50,49
42,129
20,3
133,84
46,153
98,98
140,65
36,62
119,119
109,18
123,5
121,49
102,109
142,68
122,14
33,18
105,105
99,99
136,136
114,54
46,68
30,110
100,100
43,68
30,104
133,135
134,77
72,72
42,150
30,30
103,62
117,58
140,23
101,101
67,125
19,31
140,5
96,96
8,28
22,22
6,53
47,125
29,49
133,49
84,93
106,143
105,105
139,138
127,117
9,99
89,94
74,74
17,17
38,41
27,21
32,28
47,47
59,17
58,103
61,60
116,38
46,46
107,107
30,16
141,4
77,77
132,12
87,74
85,85
100,33
12,145
135,135
94,94
133,71
39,1
109,62
68,71
112,121
96,147
113,113
21,29
88,105
35,35
111,111
128,127
105,129
62,36
133,12
122,138
72,34
31,125
127,1
45,154
28,25
90,86
150,150
96,82
59,59
20,136
130,78
56,32
89,94
69,11
58,38
99,73
128,149
97,132
137,126
105,15
151,106
5,29
96,96
28,9
22,23
50,65
88,32
32,57
33,18
33,126
100,17
72,154
101,101
97,148
66,152
54,122
44,41
37,27
85,78
48,105
92,92
100,100
89,75
133,16
114,106
67,68
16,5
6,6
122,60
88,84
142,62
121,16
52,4
21,151
55,110
89,133
100,100
33,57
141,154
96,148
119,56
35,42
26,64
83,83
88,22
87,86
0,39
133,133
32,32
16,16
88,120
84,85
107,105
77,81
96,98
29,71
34,27
46,57
95,82
137,137
79,74
150,43
141,152
50,50
25,103
26,129
6,147
29,50
91,91
14,45
42,42
149,36
102,72
93,131
142,53
128,52
7,4
91,91
13,13
57,57
142,3
15,19
18,18
133,96
78,132
9,9
80,80
109,109
81,130
115,44
142,142
121,138
23,8
52,51
5,36
105,153
15,144
46,141
82,86
5,5
96,80
55,145
139,34
97,89
23,111
137,137
80,142
13,13
145,28
108,108
138,138
72,69
44,9
148,148
23,123
134,134
113,113
16,16
118,118
116,116
128,56
74,78
23,107
11,11
142,21
58,58
140,140
44,44
110,55
49,52
59,152
3,3
109,147
59,59
128,53
147,140
37,37
113,99
66,66
89,89
29,29
14,14
34,34
150,34
123,11
133,95
44,1
58,58
120,113
121,71
79,94
104,104
77,131
39,42
49,33
133,11
103,103
80,6
58,109
141,39
122,34
103,105
69,141
77,77
132,132
14,145
88,31
142,142
70,2
22,22
88,34
151,9
125,72
116,115
37,19
29,153
108,70
74,82
126,138
150,21
111,41
18,18
59,59
59,59
88,135
72,72
111,144
118,24
38,26
143,143
93,93
95,91
108,108
21,21
75,135
19,31
47,40
35,35
127,127
49,32
133,116
88,53
21,21
42,5
115,115
37,31
117,120
137,136
27,32
24,125
46,121
96,152
24,24
25,8
89,74
17,36
100,100
148,148
151,61
112,112
143,143
98,83
85,85
95,95
6,52
58,121
88,4
9,10
99,19
21,43
60,141
17,149
78,78
104,112
101,109
102,8
81,81
19,19
64,0
106,106
136,137
75,88
146,146
32,32
20,60
58,32
124,21
28,40
142,137
95,133
23,18
47,47
70,67
6,6
21,21
7,50
85,85
140,16
55,55
13,14
71,29
96,80
104,107
133,106
127,25
102,10
25,32
108,108
133,22
21,5
115,115
96,124
82,82
133,75
33,62
118,38
127,9
33,33
102,154
22,22
76,84
111,111
8,8
21,56
128,53
129,39
142,142
78,102
83,83
128,71
117,141
150,31
146,87
143,104
46,43
90,90
77,77
139,0
1,1
70,104
126,104
68,25
128,137
17,41
30,10
105,105
133,139
142,118
89,79
134,134
128,49
9,9
76,85
32,32
34,10
6,6
100,48
85,89
88,88
85,90
145,145
58,71
136,129
133,122
97,133
12,12
89,93
103,39
136,5
89,77
143,114
139,15
98,98
39,32
110,55
30,30
48,48
124,53
128,49
30,3
79,130
137,138
66,66
144,70
30,30
122,151
34,34
66,152
75,75
125,56
30,2
133,85
135,82
98,98
23,141
50,49
133,34
141,52
12,11
107,107
9,9
134,89
105,59
99,121
132,132
61,64
128,151
46,46
18,13
88,121
59,25
0,68
27,27
73,73
46,11
0,65
55,24
68,24
69,69
61,109
134,134
99,99
74,91
100,47
133,80
44,15
30,27
52,4
126,126
127,24
133,134
64,150
144,28
84,84
88,14
21,52
77,84
143,11
6,46
7,7
74,76
49,25
68,68
88,85
64,44
97,82
133,133
2,27
62,69
88,148
117,117
23,57
106,58
83,86
22,24
88,124
129,129
142,68
145,34
76,76
5,15
54,50
19,26
33,136
58,58
69,33
61,6
80,94
110,50
56,21
95,95
7,105
86,98
2,113
122,47
79,79
88,88
27,145
133,72
72,72
134,86
112,112
106,73
26,63
94,79
107,103
60,60
6,35
95,96
70,70
80,22
112,119
88,27
79,79
123,49
94,97
74,74
133,148
59,15
115,41
69,146
118,17
50,3
138,23
151,124
137,70
4,49
133,145
95,86
122,122
116,120
122,29
129,26
88,42
88,2
46,46
92,92
110,55
142,136
99,107
104,104
114,0
79,79
132,97
12,11
106,117
98,91
94,130
50,51
111,111
16,137
91,134
21,5
133,108
34,5
133,0
140,149
71,29
73,73
129,70
38,40
46,6
126,126
7,20
72,33
12,12
121,63
119,119
99,99
128,151
69,15
88,28
87,87
55,125
4,4
19,19
142,58
143,56
85,85
104,104
84,85
4,4
133,89
31,40
128,111
95,81
120,120
99,99
22,46
106,106
48,48
14,14
133,118
124,123
128,122
11,56
13,35
2,67
23,32
109,109
28,10
97,135
58,126
60,60
58,22
146,93
58,70
55,31
128,127
117,31
133,7
142,4
99,99
34,34
105,55
69,69
123,145
134,76
137,58
97,97
20,20
37,41
47,124
37,39
116,6
144,144
81,133
120,120
88,75
140,140
131,131
99,99
4,107
102,102
94,89
116,115
90,90
85,85
6,29
114,114
53,54
47,24
55,55
72,16
26,69
56,21
67,108
4,50
42,62
33,33
36,68
151,52
78,91
126,126
142,142
142,50
14,34
22,153
148,148
69,23
110,20
44,10
88,68
128,57
136,38
142,68
95,81
134,94
108,72
127,56
58,58
101,101
127,10
107,107
114,101
28,1
103,103
99,73
72,72
98,98
133,70
80,80
12,12
31,31
116,72
118,118
47,47
11,11
2,2
112,139
84,85
65,64
41,40
124,124
70,70
119,119
79,98
54,4
33,33
133,65
30,139
54,12
14,14
120,120
38,38
148,78
88,117
12,12
142,114
149,140
48,137
63,58
150,66
27,27
136,51
21,33
41,28
54,54
17,127
129,62
93,93
6,126
133,3
133,140
80,80
6,6
10,50
133,83
80,91
6,38
58,3
38,36
42,48
109,109
115,39
37,39
80,84
33,57
22,70
66,142
112,112
125,62
34,40
24,23
141,127
121,126
138,138
16,45
39,115
67,150
11,143
60,147
16,40
29,30
16,16
17,3
148,86
75,84
45,72
18,18
62,71
26,26
50,50
123,150
45,45
31,38
88,116
68,63
71,32
122,122
22,22
22,22
128,34
22,22
151,137
133,133
125,25
12,12
138,73
44,44
124,124
96,96
78,76
23,0
17,16
108,153
22,3
46,6
119,119
20,22
123,71
137,55
131,74
72,34
150,19
68,62
61,61
88,33
149,149
128,40
59,150
77,81
36,116
75,75
48,48
75,75
85,82
3,138
30,109
116,129
11,11
48,37
23,69
82,77
64,40
100,126
111,39
69,5
80,80
144,27
94,94
110,110
96,77
4,4
29,63
27,38
83,80
81,77
55,55
47,35
