114,1
93,1
149,1
43,1
76,1
120,1
20,1
136,1
52,1
128,1
91,1
142,1
146,1
35,1
74,1
17,1
110,1
134,1
127,1
136,1
42,1
122,1
1,1
142,1
5,1
108,1
102,1
111,1
77,1
88,1
49,1
49,1
90,1
113,1
47,1
99,1
115,1
87,1
64,1
145,1
45,1
143,1
24,1
83,1
127,1
130,1
74,1
13,1
57,1
13,1
109,1
114,1
30,1
47,1
148,1
47,1
134,1
3,1
150,1
100,1
149,1
74,1
42,1
47,1
111,1
57,1
29,1
122,1
142,1
16,1
83,1
68,1
43,1
87,1
148,1
57,1
25,1
76,1
60,1
106,1
128,1
127,1
52,1
39,1
140,1
58,1
61,1
5,1
7,1
94,1
100,1
68,1
142,1
129,1
56,1
106,1
47,1
74,1
47,1
32,1
36,1
130,1
63,1
56,1
19,1
126,1
122,1
5,1
137,1
5,1
21,1
127,1
7,1
118,1
112,1
127,1
47,1
125,1
86,1
31,1
113,1
92,1
36,1
126,1
4,1
138,1
142,1
30,1
36,1
45,1
76,1
123,1
151,1
142,1
5,1
77,1
27,1
29,1
112,1
64,1
81,1
43,1
64,1
7,1
55,1
145,1
127,1
23,1
56,1
140,1
20,1
55,1
54,1
89,1
21,1
106,1
39,1
77,1
94,1
59,1
90,1
146,1
27,1
42,1
29,1
148,1
11,1
54,1
145,1
122,1
151,1
82,1
32,1
103,1
0,1
32,1
140,1
104,1
40,1
115,1
47,1
94,1
108,1
87,1
69,1
7,1
81,1
144,1
26,1
127,1
122,1
118,1
80,1
127,1
4,1
108,1
89,1
145,1
109,1
136,1
39,1
36,1
24,1
22,1
72,1
24,1
107,1
142,1
30,1
54,1
13,1
121,1
29,1
138,1
84,1
8,1
34,1
71,1
68,1
50,1
10,1
70,1
101,1
1,1
85,1
128,1
88,1
120,1
30,1
143,1
27,1
78,1
45,1
101,1
124,1
151,1
105,1
24,1
144,1
89,1
88,1
66,1
0,1
139,1
107,1
41,1
50,1
126,1
131,1
142,1
19,1
30,1
146,1
45,1
35,1
46,1
13,1
33,1
56,1
130,1
1,1
10,1
68,1
42,1
32,1
43,1
31,1
144,1
41,1
27,1
116,1
22,1
37,1
141,1
16,1
76,1
21,1
25,1
28,1
111,1
51,1
57,1
123,1
126,1
10,1
110,1
14,1
29,1
21,1
76,1
47,1
137,1
41,1
41,1
101,1
27,1
134,1
27,1
69,1
129,1
140,1
134,1
75,1
72,1
63,1
90,1
49,1
101,1
81,1
3,1
33,1
101,1
21,1
84,1
139,1
140,1
81,1
62,1
80,1
30,1
2,1
54,1
133,1
54,1
88,1
48,1
17,1
123,1
62,1
86,1
104,1
95,1
43,1
108,1
14,1
81,1
42,1
84,1
94,1
69,1
103,1
30,1
77,1
69,1
24,1
140,1
128,1
61,1
30,1
47,1
6,1
114,1
112,1
40,1
118,1
7,1
136,1
29,1
142,1
68,1
67,1
101,1
18,1
46,1
122,1
100,1
47,1
124,1
37,1
36,1
13,1
5,1
59,1
96,1
15,1
91,1
52,1
41,1
8,1
147,1
54,1
13,1
142,1
127,1
147,1
133,1
142,1
47,1
45,1
57,1
57,1
146,1
111,1
95,1
133,1
26,1
71,1
144,1
87,1
133,1
72,1
46,1
19,1
5,1
145,1
142,1
28,1
98,1
0,1
124,1
130,1
22,1
150,1
9,1
142,1
47,1
63,1
18,1
130,1
47,1
57,1
87,1
11,1
54,1
45,1
142,1
150,1
12,1
96,1
41,1
5,1
71,1
154,1
102,1
99,1
145,1
34,1
70,1
13,1
36,1
36,1
151,1
68,1
56,1
85,1
97,1
122,1
85,1
123,1
137,1
69,1
33,1
135,1
42,1
127,1
21,1
43,1
80,1
46,1
138,1
138,1
124,1
13,1
123,1
40,1
33,1
150,1
30,1
61,1
30,1
133,1
48,1
41,1
94,1
57,1
37,1
67,1
6,1
47,1
24,1
110,1
1,1
33,1
122,1
142,1
126,1
64,1
30,1
82,1
4,1
25,1
17,1
73,1
16,1
139,1
146,1
59,1
23,1
20,1
58,1
109,1
122,1
137,1
23,1
12,1
97,1
57,1
49,1
122,1
142,1
142,1
140,1
14,1
11,1
113,1
54,1
85,1
129,1
144,1
111,1
127,1
141,1
64,1
53,1
45,1
133,1
58,1
108,1
31,1
66,1
102,1
57,1
153,1
38,1
63,1
67,1
153,1
3,1
6,1
62,1
58,1
123,1
127,1
4,1
146,1
81,1
13,1
112,1
116,1
27,1
122,1
40,1
111,1
23,1
108,1
146,1
46,1
96,1
62,1
65,1
59,1
83,1
5,1
109,1
143,1
50,1
4,1
74,1
31,1
128,1
74,1
82,1
2,1
57,1
89,1
122,1
33,1
52,1
4,1
43,1
79,1
35,1
137,1
64,1
146,1
32,1
75,1
144,1
124,1
60,1
108,1
103,1
68,1
76,1
90,1
127,1
48,1
145,1
138,1
59,1
122,1
59,1
129,1
1,1
128,1
51,1
3,1
105,1
123,1
126,1
59,1
36,1
54,1
23,1
9,1
8,1
150,1
136,1
47,1
5,1
145,1
120,1
139,1
149,1
63,1
50,1
94,1
50,1
82,1
5,1
53,1
57,1
128,1
57,1
47,1
59,1
121,1
87,1
42,1
1,1
100,1
47,1
126,1
77,1
47,1
98,1
48,1
46,1
129,1
66,1
115,1
117,1
102,1
21,1
43,1
52,1
79,1
5,1
86,1
63,1
34,1
122,1
50,1
3,1
115,1
124,1
136,1
125,1
101,1
139,1
57,1
154,1
150,1
85,1
145,1
124,1
136,1
120,1
105,1
25,1
4,1
112,1
150,1
53,1
64,1
5,1
142,1
151,1
72,1
130,1
143,1
142,1
137,1
122,1
26,1
41,1
148,1
113,1
123,1
111,1
142,1
54,1
35,1
151,1
79,1
148,1
142,1
8,1
137,1
46,1
40,1
77,1
32,1
14,1
127,1
101,1
120,1
25,1
20,1
1,1
5,1
100,1
106,1
59,1
147,1
127,1
50,1
60,1
40,1
0,1
129,1
30,1
23,1
118,1
7,1
122,1
32,1
142,1
122,1
144,1
37,1
20,1
95,1
127,1
139,1
47,1
115,1
36,1
47,1
47,1
9,1
101,1
46,1
111,1
11,1
93,1
132,1
121,1
46,1
98,1
100,1
134,1
93,1
47,1
29,1
66,1
43,1
13,1
60,1
146,1
47,1
142,1
41,1
122,1
148,1
31,1
98,1
113,1
115,1
47,1
51,1
96,1
7,1
115,1
33,1
133,1
12,1
91,1
0,1
143,1
37,1
100,1
57,1
104,1
71,1
120,1
46,1
139,1
63,1
139,1
73,1
32,1
114,1
57,1
122,1
90,1
122,1
129,1
151,1
52,1
99,1
105,1
1,1
142,1
50,1
74,1
6,1
92,1
122,1
47,1
18,1
53,1
58,1
136,1
89,1
134,1
21,1
29,1
45,1
23,1
142,1
80,1
133,1
142,1
106,1
126,1
100,1
10,1
8,1
28,1
87,1
122,1
43,1
80,1
134,1
74,1
127,1
101,1
0,1
33,1
16,1
46,1
76,1
127,1
111,1
3,1
69,1
73,1
127,1
51,1
139,1
142,1
101,1
28,1
112,1
76,1
33,1
18,1
45,1
131,1
122,1
33,1
35,1
94,1
43,1
11,1
122,1
21,1
60,1
31,1
3,1
21,1
63,1
69,1
127,1
6,1
89,1
47,1
128,1
46,1
123,1
102,1
98,1
90,1
41,1
11,1
142,1
142,1
127,1
0,1
141,1
26,1
47,1
46,1
127,1
47,1
28,1
131,1
82,1
26,1
0,1
142,1
72,1
73,1
11,1
75,1
107,1
125,1
31,1
20,1
101,1
151,1
90,1
101,1
111,1
79,1
61,1
109,1
37,1
3,1
146,1
142,1
142,1
99,1
32,1
42,1
85,1
133,1
64,1
75,1
107,1
45,1
11,1
93,1
35,1
76,1
5,1
31,1
111,1
118,1
85,1
122,1
73,1
21,1
80,1
15,1
125,1
79,1
23,1
35,1
150,1
122,1
15,1
69,1
64,1
127,1
154,1
83,1
146,1
63,1
39,1
61,1
126,1
108,1
148,1
76,1
105,1
113,1
43,1
148,1
119,1
126,1
118,1
119,1
40,1
82,1
6,1
14,1
22,1
149,1
95,1
61,1
125,1
72,1
111,1
38,1
124,1
104,1
128,1
111,1
19,1
58,1
74,1
32,1
64,1
142,1
78,1
142,1
21,1
76,1
40,1
74,1
20,1
137,1
88,1
29,1
88,1
150,1
37,1
151,1
93,1
74,1
142,1
54,1
23,1
121,1
64,1
47,1
47,1
48,1
7,1
90,1
47,1
71,1
47,1
53,1
88,1
64,1
130,1
39,1
38,1
76,1
5,1
47,1
142,1
67,1
130,1
147,1
88,1
34,1
142,1
100,1
11,1
47,1
113,1
48,1
17,1
29,1
117,1
142,1
128,1
137,1
2,1
0,1
6,1
122,1
117,1
139,1
64,1
142,1
93,1
136,1
58,1
45,1
122,1
73,1
104,1
20,1
141,1
105,1
41,1
9,1
79,1
7,1
13,1
25,1
15,1
43,1
31,1
34,1
23,1
110,1
24,1
98,1
57,1
108,1
26,1
29,1
91,1
103,1
27,1
6,1
151,1
50,1
115,1
5,1
14,1
47,1
146,1
131,1
75,1
42,1
34,1
140,1
66,1
23,1
146,1
126,1
85,1
21,1
89,1
120,1
103,1
3,1
5,1
152,1
122,1
58,1
69,1
68,1
143,1
128,1
57,1
98,1
58,1
56,1
84,1
136,1
121,1
22,1
137,1
53,1
81,1
47,1
139,1
133,1
88,1
59,1
30,1
54,1
90,1
16,1
140,1
122,1
133,1
112,1
46,1
18,1
94,1
97,1
94,1
47,1
107,1
146,1
133,1
122,1
139,1
144,1
46,1
43,1
85,1
38,1
134,1
139,1
82,1
128,1
134,1
137,1
9,1
151,1
61,1
148,1
69,1
52,1
147,1
143,1
86,1
142,1
13,1
24,1
4,1
85,1
139,1
59,1
139,1
111,1
16,1
10,1
117,1
32,1
29,1
2,1
19,1
122,1
61,1
97,1
135,1
148,1
14,1
24,1
88,1
104,1
14,1
47,1
94,1
122,1
70,1
3,1
14,1
12,1
24,1
122,1
67,1
47,1
81,1
105,1
103,1
122,1
5,1
17,1
16,1
129,1
2,1
119,1
127,1
9,1
78,1
106,1
30,1
136,1
46,1
122,1
142,1
108,1
7,1
77,1
90,1
140,1
25,1
69,1
47,1
42,1
133,1
32,1
142,1
122,1
71,1
80,1
13,1
32,1
53,1
76,1
112,1
139,1
69,1
49,1
112,1
148,1
131,1
47,1
57,1
124,1
40,1
149,1
149,1
102,1
35,1
39,1
99,1
46,1
32,1
12,1
2,1
47,1
131,1
133,1
97,1
66,1
36,1
54,1
9,1
69,1
124,1
112,1
136,1
85,1
11,1
92,1
24,1
89,1
112,1
104,1
82,1
60,1
142,1
89,1
15,1
112,1
15,1
123,1
28,1
130,1
86,1
30,1
143,1
57,1
140,1
85,1
47,1
117,1
126,1
46,1
142,1
99,1
42,1
23,1
138,1
4,1
86,1
122,1
136,1
114,1
42,1
140,1
135,1
114,1
117,1
140,1
31,1
122,1
24,1
128,1
66,1
106,1
29,1
137,1
142,1
124,1
100,1
15,1
69,1
142,1
7,1
89,1
6,1
25,1
43,1
43,1
130,1
79,1
24,1
4,1
111,1
29,1
126,1
77,1
84,1
97,1
60,1
4,1
82,1
115,1
142,1
127,1
11,1
57,1
49,1
66,1
125,1
54,1
30,1
101,1
77,1
114,1
33,1
23,1
134,1
72,1
72,1
0,1
38,1
78,1
139,1
59,1
134,1
47,1
58,1
75,1
66,1
47,1
14,1
125,1
103,1
85,1
36,1
9,1
122,1
147,1
121,1
145,1
36,1
90,1
146,1
142,1
54,1
144,1
94,1
72,1
142,1
55,1
153,1
76,1
117,1
76,1
5,1
39,1
64,1
137,1
142,1
31,1
47,1
134,1
132,1
68,1
9,1
128,1
110,1
124,1
54,1
88,1
121,1
24,1
56,1
66,1
122,1
26,1
35,1
4,1
5,1
144,1
15,1
122,1
148,1
55,1
70,1
133,1
131,1
149,1
2,1
45,1
2,1
135,1
76,1
6,1
36,1
142,1
134,1
54,1
85,1
14,1
74,1
30,1
7,1
44,1
5,1
2,1
27,1
125,1
107,1
67,1
59,1
75,1
143,1
115,1
122,1
26,1
122,1
84,1
0,1
71,1
19,1
26,1
39,1
151,1
27,1
15,1
90,1
6,1
47,1
64,1
102,1
49,1
79,1
22,1
92,1
91,1
47,1
71,1
134,1
108,1
134,1
128,1
10,1
139,1
152,1
112,1
109,1
103,1
101,1
101,1
132,1
46,1
7,1
6,1
137,1
18,1
64,1
42,1
151,1
148,1
47,1
82,1
14,1
110,1
23,1
12,1
47,1
142,1
12,1
79,1
104,1
13,1
13,1
70,1
79,1
13,1
142,1
142,1
50,1
109,1
117,1
47,1
12,1
44,1
150,1
3,1
15,1
44,1
76,1
47,1
148,1
2,1
7,1
128,1
58,1
9,1
33,1
148,1
48,1
43,1
78,1
19,1
123,1
60,1
47,1
12,1
126,1
8,1
102,1
77,1
27,1
54,1
108,1
32,1
67,1
4,1
77,1
74,1
102,1
120,1
61,1
40,1
75,1
42,1
17,1
46,1
8,1
140,1
107,1
51,1
93,1
32,1
5,1
122,1
122,1
48,1
107,1
128,1
41,1
121,1
69,1
127,1
85,1
30,1
142,1
28,1
122,1
19,1
94,1
122,1
47,1
106,1
61,1
102,1
133,1
142,1
108,1
84,1
36,1
141,1
66,1
108,1
26,1
56,1
119,1
98,1
114,1
63,1
148,1
130,1
128,1
95,1
27,1
23,1
26,1
20,1
45,1
111,1
64,1
52,1
22,1
34,1
61,1
128,1
116,1
142,1
46,1
70,1
73,1
73,1
139,1
127,1
128,1
119,1
20,1
37,1
4,1
124,1
112,1
137,1
5,1
150,1
89,1
11,1
11,1
17,1
91,1
72,1
103,1
89,1
46,1
5,1
59,1
85,1
45,1
142,1
15,1
124,1
1,1
4,1
11,1
15,1
31,1
99,1
38,1
65,1
138,1
78,1
108,1
127,1
93,1
71,1
53,1
27,1
76,1
140,1
109,1
146,1
118,1
85,1
5,1
66,1
47,1
111,1
60,1
1,1
40,1
118,1
34,1
139,1
99,1
65,1
93,1
126,1
111,1
6,1
25,1
120,1
47,1
145,1
31,1
124,1
42,1
69,1
130,1
50,1
86,1
138,1
56,1
130,1
117,1
14,1
57,1
90,1
146,1
128,1
7,1
139,1
78,1
37,1
78,1
7,1
150,1
44,1
33,1
133,1
82,1
15,1
4,1
47,1
8,1
111,1
151,1
150,1
65,1
143,1
4,1
120,1
98,1
71,1
133,1
47,1
138,1
100,1
36,1
70,1
66,1
87,1
7,1
72,1
39,1
43,1
19,1
110,1
131,1
128,1
64,1
48,1
1,1
18,1
151,1
76,1
22,1
8,1
122,1
17,1
55,1
56,1
101,1
142,1
84,1
122,1
133,1
129,1
137,1
57,1
50,1
145,1
47,1
47,1
95,1
41,1
4,1
64,1
30,1
45,1
128,1
120,1
132,1
45,1
152,1
47,1
59,1
75,1
128,1
18,1
60,1
97,1
127,1
25,1
36,1
43,1
5,1
47,1
138,1
67,1
57,1
126,1
32,1
142,1
130,1
6,1
134,1
89,1
50,1
36,1
49,1
72,1
86,1
132,1
68,1
14,1
141,1
131,1
97,1
70,1
17,1
41,1
55,1
14,1
28,1
134,1
6,1
36,1
50,1
74,1
112,1
66,1
40,1
47,1
48,1
43,1
128,1
33,1
15,1
116,1
16,1
59,1
52,1
25,1
4,1
88,1
47,1
8,1
1,1
25,1
7,1
122,1
65,1
27,1
67,1
103,1
142,1
26,1
18,1
30,1
87,1
137,1
72,1
104,1
148,1
105,1
62,1
74,1
47,1
81,1
12,1
33,1
26,1
73,1
125,1
122,1
115,1
79,1
79,1
5,1
5,1
122,1
23,1
146,1
30,1
93,1
145,1
66,1
83,1
142,1
95,1
129,1
85,1
120,1
83,1
25,1
31,1
114,1
142,1
29,1
72,1
142,1
83,1
18,1
142,1
57,1
70,1
114,1
154,1
151,1
90,1
60,1
126,1
68,1
96,1
47,1
86,1
61,1
35,1
43,1
56,1
115,1
105,1
29,1
49,1
40,1
18,1
82,1
142,1
91,1
142,1
29,1
11,1
82,1
51,1
103,1
30,1
114,1
21,1
128,1
45,1
92,1
74,1
142,1
86,1
104,1
1,1
61,1
139,1
30,1
18,1
122,1
33,1
141,1
10,1
106,1
10,1
121,1
17,1
71,1
117,1
128,1
45,1
93,1
127,1
26,1
8,1
6,1
60,1
23,1
64,1
92,1
151,1
3,1
54,1
91,1
46,1
137,1
80,1
0,1
64,1
87,1
102,1
122,1
138,1
43,1
21,1
29,1
12,1
23,1
68,1
26,1
77,1
108,1
0,1
66,1
114,1
54,1
57,1
2,1
7,1
30,1
136,1
14,1
26,1
0,1
39,1
142,1
144,1
4,1
1,1
122,1
131,1
39,1
91,1
88,1
3,1
134,1
91,1
137,1
7,1
126,1
46,1
97,1
112,1
102,1
100,1
143,1
134,1
47,1
26,1
47,1
47,1
73,1
93,1
97,1
70,1
87,1
142,1
57,1
117,1
61,1
150,1
142,1
24,1
99,1
104,1
22,1
75,1
97,1
116,1
100,1
8,1
47,1
148,1
109,1
111,1
30,1
5,1
26,1
122,1
74,1
37,1
146,1
31,1
12,1
58,1
116,1
2,1
116,1
30,1
7,1
104,1
39,1
112,1
148,1
137,1
24,1
13,1
127,1
22,1
35,1
79,1
23,1
151,1
74,1
46,1
127,1
128,1
148,1
105,1
20,1
150,1
74,1
40,1
105,1
55,1
101,1
42,1
86,1
30,1
43,1
12,1
69,1
73,1
9,1
26,1
57,1
106,1
14,1
145,1
135,1
104,1
1,1
122,1
22,1
54,1
74,1
115,1
86,1
113,1
48,1
14,1
1,1
4,1
17,1
102,1
148,1
59,1
137,1
16,1
40,1
21,1
106,1
36,1
133,1
12,1
139,1
148,1
143,1
99,1
64,1
87,1
95,1
105,1
21,1
104,1
132,1
142,1
44,1
46,1
119,1
139,1
11,1
102,1
12,1
1,1
4,1
142,1
100,1
142,1
44,1
44,1
104,1
148,1
11,1
0,1
138,1
142,1
100,1
8,1
69,1
86,1
120,1
146,1
101,1
133,1
24,1
117,1
55,1
122,1
71,1
18,1
32,1
124,1
87,1
137,1
127,1
111,1
136,1
112,1
86,1
35,1
116,1
45,1
95,1
11,1
151,1
3,1
131,1
20,1
45,1
122,1
25,1
38,1
137,1
106,1
12,1
72,1
122,1
15,1
13,1
100,1
86,1
64,1
132,1
9,1
30,1
116,1
149,1
57,1
22,1
61,1
110,1
49,1
61,1
152,1
100,1
125,1
17,1
49,1
128,1
47,1
138,1
55,1
117,1
129,1
30,1
33,1
138,1
135,1
71,1
58,1
36,1
117,1
54,1
145,1
151,1
24,1
23,1
45,1
3,1
13,1
133,1
39,1
131,1
101,1
106,1
139,1
93,1
28,1
136,1
3,1
37,1
128,1
95,1
134,1
45,1
37,1
127,1
120,1
84,1
142,1
122,1
148,1
111,1
47,1
123,1
103,1
20,1
37,1
27,1
66,1
32,1
95,1
48,1
118,1
148,1
57,1
73,1
48,1
106,1
27,1
24,1
59,1
138,1
94,1
62,1
139,1
77,1
150,1
127,1
129,1
109,1
63,1
46,1
142,1
138,1
3,1
1,1
47,1
97,1
66,1
92,1
128,1
142,1
99,1
134,1
97,1
12,1
93,1
6,1
137,1
103,1
149,1
136,1
46,1
114,1
94,1
84,1
49,1
115,1
8,1
43,1
151,1
46,1
148,1
107,1
92,1
2,1
73,1
27,1
152,1
17,1
136,1
22,1
138,1
142,1
20,1
47,1
29,1
12,1
43,1
43,1
30,1
141,1
140,1
87,1
101,1
83,1
73,1
92,1
68,1
149,1
102,1
141,1
110,1
113,1
56,1
30,1
5,1
122,1
111,1
117,1
115,1
31,1
116,1
34,1
47,1
82,1
5,1
32,1
148,1
81,1
49,1
55,1
26,1
91,1
28,1
142,1
97,1
15,1
62,1
37,1
142,1
86,1
69,1
18,1
87,1
56,1
109,1
92,1
30,1
56,1
89,1
28,1
23,1
88,1
35,1
46,1
85,1
79,1
116,1
12,1
33,1
42,1
31,1
53,1
79,1
16,1
78,1
9,1
128,1
20,1
28,1
68,1
80,1
46,1
71,1
29,1
35,1
99,1
33,1
66,1
122,1
57,1
5,1
133,1
139,1
83,1
124,1
46,1
42,1
115,1
25,1
120,1
39,1
11,1
17,1
133,1
131,1
84,1
146,1
119,1
53,1
139,1
106,1
32,1
46,1
29,1
39,1
52,1
5,1
101,1
70,1
90,1
122,1
51,1
133,1
24,1
37,1
8,1
45,1
100,1
122,1
19,1
30,1
121,1
113,1
127,1
29,1
51,1
127,1
31,1
48,1
148,1
135,1
150,1
85,1
117,1
138,1
149,1
82,1
4,1
27,1
5,1
56,1
1,1
60,1
124,1
134,1
31,1
68,1
129,1
133,1
93,1
65,1
101,1
94,1
102,1
55,1
64,1
125,1
15,1
122,1
9,1
122,1
97,1
56,1
47,1
31,1
13,1
145,1
20,1
14,1
18,1
133,1
16,1
33,1
88,1
107,1
119,1
146,1
142,1
85,1
127,1
53,1
45,1
14,1
117,1
123,1
115,1
57,1
46,1
56,1
75,1
111,1
35,1
89,1
20,1
36,1
134,1
70,1
57,1
86,1
38,1
127,1
46,1
47,1
125,1
106,1
149,1
126,1
76,1
27,1
3,1
91,1
132,1
47,1
50,1
92,1
116,1
1,1
76,1
23,1
29,1
86,1
78,1
45,1
48,1
50,1
34,1
122,1
92,1
82,1
5,1
53,1
94,1
46,1
88,1
129,1
40,1
2,1
50,1
37,1
17,1
22,1
128,1
114,1
126,1
151,1
127,1
40,1
61,1
122,1
35,1
129,1
134,1
129,1
122,1
75,1
1,1
122,1
45,1
25,1
149,1
130,1
47,1
7,1
127,1
68,1
65,1
146,1
46,1
25,1
87,1
134,1
90,1
50,1
142,1
73,1
2,1
16,1
47,1
85,1
114,1
134,1
29,1
68,1
142,1
142,1
122,1
3,1
124,1
115,1
69,1
9,1
102,1
20,1
151,1
21,1
148,1
78,1
132,1
39,1
23,1
142,1
105,1
70,1
124,1
142,1
123,1
93,1
47,1
71,1
49,1
31,1
138,1
13,1
133,1
49,1
12,1
79,1
61,1
120,1
107,1
52,1
56,1
128,1
24,1
48,1
60,1
68,1
5,1
36,1
33,1
128,1
101,1
71,1
26,1
71,1
8,1
52,1
118,1
128,1
63,1
14,1
5,1
102,1
57,1
30,1
145,1
72,1
79,1
131,1
5,1
47,1
125,1
46,1
51,1
122,1
45,1
44,1
48,1
23,1
140,1
51,1
46,1
46,1
150,1
142,1
50,1
101,1
1,1
88,1
31,1
45,1
38,1
13,1
131,1
45,1
142,1
105,1
150,1
84,1
122,1
32,1
134,1
85,1
9,1
57,1
60,1
117,1
120,1
0,1
97,1
48,1
118,1
113,1
128,1
142,1
142,1
100,1
86,1
50,1
88,1
80,1
130,1
133,1
149,1
41,1
76,1
142,1
130,1
122,1
37,1
137,1
130,1
24,1
93,1
21,1
73,1
30,1
134,1
136,1
81,1
13,1
86,1
17,1
47,1
122,1
124,1
148,1
18,1
25,1
36,1
12,1
47,1
50,1
31,1
47,1
38,1
56,1
108,1
117,1
139,1
133,1
43,1
96,1
93,1
20,1
112,1
69,1
140,1
47,1
93,1
135,1
30,1
121,1
71,1
99,1
42,1
62,1
22,1
70,1
11,1
94,1
152,1
64,1
20,1
110,1
132,1
66,1
117,1
56,1
138,1
51,1
127,1
33,1
130,1
128,1
34,1
122,1
92,1
106,1
46,1
66,1
73,1
21,1
47,1
7,1
93,1
67,1
65,1
146,1
46,1
122,1
23,1
46,1
111,1
129,1
122,1
134,1
109,1
25,1
6,1
79,1
4,1
74,1
13,1
143,1
52,1
143,1
103,1
107,1
0,1
44,1
66,1
48,1
7,1
95,1
151,1
20,1
106,1
148,1
39,1
109,1
51,1
72,1
41,1
17,1
50,1
74,1
123,1
117,1
88,1
28,1
122,1
84,1
44,1
104,1
153,1
123,1
48,1
113,1
6,1
110,1
23,1
47,1
149,1
54,1
111,1
59,1
47,1
141,1
33,1
132,1
136,1
122,1
66,1
3,1
152,1
71,1
134,1
109,1
24,1
111,1
43,1
53,1
122,1
126,1
31,1
5,1
47,1
68,1
20,1
3,1
133,1
106,1
15,1
53,1
136,1
47,1
95,1
7,1
124,1
121,1
95,1
46,1
65,1
119,1
78,1
54,1
150,1
25,1
47,1
78,1
127,1
111,1
46,1
86,1
118,1
7,1
42,1
95,1
142,1
43,1
76,1
37,1
103,1
93,1
118,1
46,1
29,1
47,1
6,1
79,1
58,1
141,1
9,1
151,1
16,1
149,1
27,1
114,1
122,1
122,1
43,1
127,1
111,1
75,1
28,1
57,1
139,1
146,1
144,1
47,1
39,1
133,1
145,1
29,1
52,1
43,1
24,1
22,1
117,1
127,1
100,1
142,1
118,1
66,1
6,1
81,1
147,1
122,1
68,1
127,1
41,1
45,1
116,1
57,1
56,1
42,1
127,1
117,1
113,1
77,1
146,1
101,1
142,1
66,1
32,1
120,1
123,1
108,1
82,1
101,1
85,1
142,1
118,1
104,1
42,1
64,1
103,1
33,1
133,1
132,1
129,1
47,1
68,1
142,1
120,1
100,1
77,1
23,1
15,1
69,1
133,1
12,1
138,1
18,1
66,1
131,1
136,1
33,1
18,1
66,1
145,1
122,1
56,1
98,1
26,1
74,1
151,1
25,1
54,1
58,1
4,1
50,1
109,1
49,1
46,1
30,1
19,1
54,1
63,1
66,1
47,1
47,1
78,1
142,1
72,1
59,1
18,1
27,1
107,1
143,1
62,1
137,1
47,1
46,1
128,1
149,1
52,1
134,1
29,1
142,1
96,1
79,1
90,1
48,1
46,1
97,1
134,1
83,1
27,1
143,1
114,1
81,1
21,1
16,1
107,1
87,1
57,1
140,1
142,1
69,1
47,1
37,1
13,1
21,1
4,1
5,1
104,1
64,1
15,1
125,1
151,1
57,1
69,1
98,1
11,1
41,1
87,1
42,1
111,1
139,1
149,1
88,1
85,1
114,1
111,1
108,1
108,1
38,1
99,1
52,1
50,1
113,1
115,1
107,1
19,1
67,1
94,1
89,1
113,1
46,1
20,1
0,1
115,1
69,1
94,1
88,1
80,1
137,1
142,1
12,1
100,1
137,1
18,1
104,1
110,1
133,1
141,1
59,1
150,1
0,1
5,1
88,1
90,1
150,1
26,1
146,1
5,1
31,1
74,1
44,1
124,1
70,1
134,1
36,1
88,1
94,1
118,1
22,1
45,1
34,1
78,1
122,1
112,1
46,1
20,1
133,1
146,1
2,1
11,1
46,1
151,1
52,1
29,1
107,1
57,1
120,1
30,1
42,1
85,1
26,1
79,1
15,1
69,1
135,1
47,1
88,1
151,1
69,1
100,1
7,1
60,1
70,1
67,1
69,1
52,1
47,1
62,1
42,1
103,1
140,1
48,1
148,1
94,1
0,1
33,1
47,1
57,1
33,1
142,1
12,1
48,1
2,1
9,1
37,1
54,1
47,1
23,1
33,1
103,1
52,1
150,1
136,1
140,1
143,1
117,1
51,1
133,1
78,1
127,1
23,1
130,1
97,1
78,1
135,1
123,1
42,1
47,1
88,1
109,1
42,1
69,1
22,1
44,1
18,1
137,1
47,1
127,1
74,1
5,1
84,1
50,1
107,1
82,1
128,1
34,1
50,1
101,1
74,1
47,1
108,1
106,1
90,1
48,1
146,1
4,1
80,1
100,1
71,1
27,1
18,1
34,1
135,1
82,1
0,1
14,1
46,1
92,1
85,1
6,1
40,1
97,1
40,1
59,1
95,1
31,1
136,1
142,1
51,1
128,1
72,1
69,1
146,1
0,1
142,1
110,1
81,1
12,1
131,1
77,1
47,1
56,1
12,1
69,1
46,1
154,1
28,1
5,1
100,1
114,1
47,1
46,1
48,1
120,1
83,1
89,1
120,1
6,1
67,1
143,1
87,1
139,1
79,1
57,1
72,1
5,1
126,1
119,1
33,1
93,1
90,1
47,1
62,1
102,1
138,1
124,1
45,1
146,1
103,1
119,1
90,1
31,1
76,1
9,1
47,1
12,1
86,1
67,1
70,1
31,1
9,1
3,1
47,1
63,1
47,1
12,1
11,1
2,1
0,1
130,1
78,1
125,1
4,1
63,1
31,1
151,1
1,1
105,1
143,1
133,1
111,1
86,1
117,1
55,1
131,1
74,1
142,1
0,1
112,1
47,1
63,1
127,1
148,1
133,1
141,1
52,1
50,1
151,1
140,1
85,1
151,1
127,1
79,1
130,1
114,1
6,1
75,1
57,1
139,1
81,1
19,1
118,1
98,1
26,1
137,1
151,1
97,1
61,1
1,1
143,1
47,1
12,1
74,1
140,1
29,1
130,1
72,1
3,1
146,1
75,1
9,1
82,1
50,1
114,1
122,1
127,1
40,1
12,1
31,1
58,1
91,1
128,1
142,1
95,1
12,1
79,1
9,1
4,1
59,1
84,1
47,1
39,1
32,1
9,1
3,1
59,1
71,1
58,1
89,1
7,1
43,1
142,1
45,1
16,1
79,1
136,1
152,1
130,1
122,1
123,1
12,1
64,1
122,1
146,1
144,1
41,1
46,1
2,1
122,1
9,1
35,1
28,1
12,1
9,1
62,1
121,1
132,1
133,1
46,1
52,1
76,1
122,1
134,1
101,1
86,1
127,1
149,1
70,1
127,1
68,1
69,1
6,1
78,1
20,1
46,1
14,1
91,1
53,1
92,1
40,1
40,1
150,1
115,1
80,1
3,1
134,1
99,1
23,1
20,1
57,1
30,1
41,1
57,1
140,1
2,1
88,1
128,1
72,1
41,1
43,1
44,1
48,1
54,1
102,1
88,1
84,1
130,1
17,1
96,1
128,1
128,1
56,1
119,1
24,1
138,1
90,1
119,1
69,1
57,1
139,1
130,1
100,1
43,1
26,1
130,1
61,1
81,1
14,1
102,1
44,1
33,1
142,1
58,1
41,1
108,1
17,1
32,1
21,1
28,1
106,1
13,1
74,1
142,1
115,1
43,1
53,1
56,1
34,1
135,1
60,1
24,1
73,1
118,1
52,1
57,1
88,1
5,1
126,1
126,1
73,1
60,1
86,1
68,1
85,1
104,1
73,1
9,1
74,1
6,1
12,1
68,1
150,1
74,1
46,1
27,1
122,1
142,1
70,1
43,1
43,1
2,1
70,1
58,1
122,1
18,1
1,1
47,1
76,1
76,1
130,1
69,1
37,1
142,1
112,1
116,1
47,1
140,1
52,1
87,1
78,1
45,1
84,1
20,1
9,1
135,1
118,1
2,1
130,1
49,1
11,1
69,1
34,1
139,1
57,1
46,1
128,1
66,1
20,1
86,1
132,1
129,1
92,1
39,1
133,1
63,1
92,1
5,1
88,1
37,1
55,1
46,1
69,1
57,1
45,1
140,1
63,1
23,1
11,1
142,1
126,1
122,1
137,1
121,1
31,1
0,1
144,1
50,1
137,1
72,1
104,1
72,1
57,1
3,1
118,1
120,1
128,1
20,1
110,1
132,1
80,1
34,1
146,1
72,1
14,1
0,1
23,1
104,1
108,1
142,1
71,1
128,1
33,1
4,1
93,1
36,1
71,1
110,1
48,1
67,1
99,1
84,1
72,1
56,1
48,1
57,1
98,1
57,1
48,1
100,1
137,1
29,1
31,1
22,1
114,1
1,1
145,1
128,1
122,1
99,1
18,1
31,1
40,1
29,1
49,1
70,1
138,1
88,1
129,1
139,1
61,1
151,1
122,1
78,1
59,1
99,1
49,1
0,1
1,1
46,1
59,1
67,1
46,1
50,1
128,1
30,1
100,1
151,1
114,1
67,1
60,1
118,1
92,1
68,1
111,1
64,1
30,1
81,1
8,1
59,1
126,1
128,1
35,1
122,1
31,1
47,1
102,1
142,1
0,1
11,1
46,1
128,1
67,1
55,1
30,1
22,1
23,1
122,1
137,1
136,1
7,1
28,1
140,1
151,1
125,1
55,1
136,1
144,1
128,1
149,1
138,1
30,1
17,1
85,1
137,1
17,1
140,1
44,1
73,1
8,1
58,1
57,1
122,1
144,1
129,1
82,1
101,1
48,1
45,1
68,1
67,1
23,1
39,1
49,1
129,1
110,1
41,1
46,1
2,1
141,1
57,1
140,1
47,1
133,1
60,1
21,1
147,1
36,1
121,1
122,1
6,1
56,1
1,1
138,1
58,1
47,1
130,1
113,1
39,1
44,1
107,1
68,1
18,1
66,1
65,1
96,1
142,1
110,1
72,1
44,1
15,1
121,1
139,1
124,1
40,1
46,1
114,1
154,1
97,1
31,1
29,1
115,1
54,1
146,1
86,1
130,1
41,1
99,1
144,1
56,1
97,1
8,1
61,1
1,1
44,1
7,1
108,1
122,1
43,1
149,1
15,1
67,1
47,1
103,1
48,1
31,1
106,1
113,1
30,1
127,1
23,1
40,1
127,1
122,1
29,1
1,1
136,1
142,1
69,1
104,1
90,1
150,1
132,1
133,1
122,1
151,1
30,1
44,1
74,1
34,1
114,1
101,1
130,1
5,1
23,1
36,1
58,1
97,1
45,1
124,1
135,1
29,1
61,1
120,1
13,1
132,1
0,1
59,1
124,1
78,1
120,1
58,1
149,1
67,1
107,1
66,1
122,1
122,1
84,1
138,1
149,1
117,1
38,1
94,1
108,1
114,1
8,1
117,1
122,1
107,1
12,1
53,1
5,1
148,1
3,1
122,1
3,1
112,1
39,1
110,1
119,1
142,1
28,1
111,1
20,1
90,1
32,1
75,1
29,1
146,1
140,1
32,1
131,1
108,1
49,1
139,1
57,1
136,1
136,1
135,1
110,1
104,1
127,1
9,1
148,1
118,1
93,1
49,1
123,1
86,1
47,1
142,1
128,1
133,1
46,1
42,1
2,1
62,1
128,1
110,1
76,1
109,1
58,1
19,1
75,1
122,1
137,1
38,1
117,1
45,1
80,1
77,1
42,1
41,1
150,1
29,1
132,1
26,1
122,1
133,1
7,1
133,1
67,1
99,1
45,1
121,1
98,1
50,1
40,1
12,1
25,1
125,1
37,1
154,1
122,1
23,1
47,1
0,1
126,1
12,1
57,1
50,1
45,1
55,1
124,1
28,1
144,1
98,1
103,1
4,1
139,1
8,1
104,1
128,1
144,1
85,1
106,1
3,1
43,1
67,1
3,1
96,1
13,1
13,1
20,1
118,1
147,1
62,1
52,1
13,1
142,1
4,1
143,1
87,1
6,1
9,1
85,1
69,1
134,1
142,1
30,1
32,1
115,1
137,1
72,1
138,1
113,1
50,1
93,1
45,1
72,1
147,1
134,1
100,1
117,1
2,1
97,1
124,1
4,1
25,1
16,1
22,1
122,1
117,1
120,1
69,1
14,1
61,1
140,1
64,1
46,1
50,1
140,1
85,1
17,1
41,1
115,1
56,1
103,1
69,1
144,1
33,1
11,1
92,1
86,1
112,1
148,1
129,1
62,1
137,1
41,1
66,1
133,1
29,1
99,1
88,1
138,1
138,1
142,1
23,1
57,1
129,1
118,1
133,1
108,1
86,1
51,1
130,1
69,1
117,1
142,1
128,1
5,1
122,1
131,1
106,1
51,1
72,1
11,1
69,1
49,1
78,1
22,1
150,1
18,1
128,1
89,1
109,1
78,1
150,1
23,1
150,1
127,1
47,1
113,1
144,1
6,1
15,1
33,1
144,1
130,1
124,1
133,1
56,1
95,1
62,1
50,1
12,1
50,1
97,1
29,1
121,1
79,1
18,1
47,1
116,1
25,1
77,1
138,1
101,1
35,1
147,1
151,1
71,1
7,1
66,1
48,1
124,1
46,1
15,1
119,1
85,1
51,1
16,1
65,1
109,1
112,1
47,1
33,1
24,1
127,1
72,1
6,1
92,1
12,1
150,1
82,1
108,1
107,1
62,1
106,1
148,1
149,1
86,1
149,1
127,1
