128,138
105,113
127,127
33,130
65,15
134,133
59,59
79,79
105,105
122,52
41,41
122,71
58,58
88,141
116,37
36,36
64,5
56,56
47,33
130,130
46,20
25,121
119,119
68,68
88,88
28,28
135,135
38,26
14,14
87,87
34,67
45,61
123,122
1,1
81,95
0,0
143,143
40,22
100,100
75,75
144,144
28,28
59,59
123,123
137,66
98,98
5,5
143,49
46,46
137,150
122,142
137,139
104,104
45,56
89,97
6,114
117,65
31,39
56,32
26,17
69,146
49,49
122,138
123,123
146,146
125,150
106,106
8,9
31,5
64,65
150,150
114,114
76,79
73,73
13,13
7,7
12,65
12,12
61,6
47,47
71,71
1,42
57,57
144,144
3,123
46,0
124,149
97,97
4,124
4,4
97,96
146,146
122,45
117,117
63,63
122,59
22,22
62,24
151,151
11,11
122,138
57,57
117,26
43,43
3,116
55,110
85,85
145,145
122,32
113,120
148,148
52,52
82,86
28,8
48,25
111,144
117,117
48,28
121,50
128,154
25,127
140,140
40,37
66,128
38,150
136,136
118,103
47,18
46,46
126,137
84,75
40,43
19,19
9,9
47,65
102,102
124,48
144,129
8,150
35,14
47,104
120,120
86,74
130,76
103,103
57,57
34,34
46,46
125,62
127,124
93,78
90,90
60,60
68,139
29,66
25,25
120,120
5,5
137,27
53,123
5,127
122,62
128,141
33,0
29,4
21,21
143,112
112,112
36,36
18,18
112,112
146,98
92,92
107,34
105,110
11,11
115,115
85,94
116,116
109,109
45,62
63,71
102,102
149,149
148,148
46,137
0,0
122,136
109,109
123,110
85,85
73,73
97,97
17,17
115,129
139,121
54,54
128,72
56,56
107,110
87,87
104,104
125,64
115,115
64,24
88,47
45,14
104,73
29,151
88,143
11,11
79,131
7,7
30,38
128,53
47,47
143,114
68,25
119,31
63,63
33,33
142,70
115,112
97,75
8,18
142,142
115,115
37,37
56,72
137,28
127,9
47,153
3,3
137,5
0,1
31,65
64,64
56,56
107,152
95,95
103,103
95,94
118,18
19,19
124,121
112,112
63,142
25,28
12,72
64,64
128,72
109,109
12,112
77,146
13,6
21,21
4,149
66,48
89,94
113,113
83,98
115,100
38,36
41,40
4,140
85,74
13,13
6,60
59,60
95,95
42,42
69,69
66,66
149,31
39,116
68,138
27,27
39,116
106,66
112,119
12,12
33,118
4,144
131,131
89,95
103,152
46,44
105,105
116,116
131,90
80,83
33,51
99,99
122,35
93,83
38,117
21,115
100,100
91,146
97,130
12,100
34,106
62,62
120,72
78,78
128,54
122,122
97,93
69,16
28,34
108,108
110,55
74,74
36,36
141,141
115,26
24,24
74,98
44,1
77,77
79,86
69,69
59,59
83,83
59,59
95,97
48,32
29,105
8,8
139,58
97,82
34,34
130,90
131,131
40,43
55,110
144,67
127,56
141,141
54,54
127,37
144,5
77,86
115,115
3,61
8,8
88,88
126,126
95,74
12,35
149,149
83,83
107,107
114,114
130,146
146,146
17,0
139,129
132,132
105,114
52,51
70,144
2,2
61,61
4,6
54,147
11,11
21,143
113,113
23,23
21,3
128,70
113,113
28,10
80,80
53,53
70,67
20,141
137,45
123,124
52,52
44,1
95,95
93,93
72,53
135,135
124,21
15,41
79,77
29,141
39,31
122,20
135,148
28,28
5,129
153,145
29,52
10,49
35,145
46,67
114,111
127,38
44,44
67,37
79,96
76,76
90,90
143,111
147,147
119,119
9,9
33,102
29,108
121,121
142,58
134,97
52,45
106,101
27,20
20,22
106,106
135,135
100,32
72,72
46,138
40,24
151,151
32,32
4,4
47,107
122,71
59,59
52,52
141,128
69,50
115,116
70,70
124,142
122,11
38,118
54,54
112,12
13,34
71,99
144,33
110,110
3,61
84,88
68,70
124,46
137,41
72,139
123,53
68,68
137,35
29,57
8,57
136,20
31,31
88,23
125,64
65,30
8,32
0,0
77,97
130,95
145,145
144,144
39,39
79,75
36,62
121,121
125,36
39,38
117,15
48,28
112,112
20,60
92,92
82,135
71,151
113,12
126,126
142,150
33,33
49,49
40,118
61,59
135,135
48,25
123,127
4,46
90,90
20,3
24,37
139,154
47,22
42,42
132,132
56,21
57,24
60,121
105,113
113,2
135,135
115,115
24,149
127,40
111,30
54,109
148,81
12,12
100,100
116,115
19,19
128,39
58,58
46,151
32,100
28,33
115,36
130,91
88,88
85,76
110,110
3,63
93,131
22,22
1,11
68,69
28,28
29,29
38,41
124,41
148,148
93,93
124,123
90,148
124,20
101,101
43,140
97,111
127,127
102,109
47,125
10,42
90,90
95,95
31,35
89,94
123,123
149,149
88,101
22,22
99,99
30,138
90,91
92,92
32,32
48,9
78,88
61,61
27,27
36,36
122,46
3,66
3,33
95,90
124,109
57,70
49,49
79,79
88,88
80,80
39,115
102,102
39,39
56,37
122,142
26,26
143,36
44,44
149,123
150,125
149,45
80,96
14,145
58,42
128,0
20,121
113,113
36,140
79,130
67,67
91,91
56,56
8,48
94,94
100,100
28,48
110,110
130,134
29,29
27,27
88,1
28,10
13,11
136,114
4,4
34,43
23,51
67,67
151,151
9,32
12,12
100,105
59,64
104,104
79,79
91,95
24,38
10,31
139,139
135,87
127,127
97,146
141,141
127,127
31,111
68,63
69,69
64,103
127,10
128,128
13,13
50,138
13,14
55,55
122,121
57,33
89,135
7,7
128,63
22,152
143,143
97,13
126,126
64,0
88,85
96,96
144,144
88,26
20,124
145,15
54,54
97,132
134,76
122,71
140,73
61,149
127,54
92,92
61,20
130,81
52,113
36,68
115,116
77,98
122,112
51,52
128,4
130,146
33,73
143,108
105,105
34,34
144,145
33,18
28,28
81,81
11,11
100,100
143,19
51,51
88,94
10,10
35,16
126,129
107,39
31,50
80,83
143,143
10,147
93,93
124,38
143,106
133,133
42,58
122,54
127,7
56,56
80,96
20,123
122,137
93,97
88,80
37,37
130,86
125,45
30,108
8,28
53,154
1,1
35,35
41,27
128,6
95,85
96,96
36,41
141,141
33,33
10,29
12,11
128,118
97,93
48,48
142,45
6,6
47,67
53,53
59,59
93,93
90,90
4,4
108,3
145,18
136,137
130,96
88,88
4,4
20,21
119,119
75,75
30,59
35,35
29,71
52,51
104,104
23,23
49,52
64,39
30,129
108,108
117,117
54,142
37,37
25,25
14,14
111,111
48,25
31,31
122,71
97,81
28,28
128,128
4,50
139,103
24,24
118,118
79,130
146,133
108,48
6,6
47,152
95,79
8,48
7,7
79,75
97,97
16,35
128,121
29,51
92,92
134,84
58,59
20,22
113,113
68,68
6,4
112,28
128,58
127,66
99,105
88,57
85,85
128,4
33,126
144,144
36,59
23,113
127,127
39,64
104,106
92,92
142,68
132,132
106,106
144,139
1,45
47,109
26,149
76,76
23,108
109,109
150,149
36,40
89,89
142,100
109,103
88,126
81,89
101,101
72,72
77,77
55,110
33,63
66,66
97,115
125,0
114,114
143,102
88,88
101,101
85,131
139,139
11,11
4,71
122,20
128,124
110,110
124,124
52,52
120,119
66,66
32,42
95,80
154,9
53,9
103,103
116,118
144,144
94,94
137,137
135,134
143,25
146,146
142,35
85,88
105,105
32,32
124,41
17,20
61,61
127,127
62,62
144,15
130,79
64,48
88,10
110,110
54,54
74,74
76,76
58,58
97,30
115,115
105,120
132,132
97,146
3,61
36,42
48,10
95,95
88,134
128,126
26,26
60,60
93,93
78,89
151,151
20,20
55,55
79,90
12,12
89,89
11,47
28,9
137,137
10,10
86,80
107,21
144,15
39,40
47,47
42,44
125,153
70,70
16,16
47,103
29,29
57,13
143,111
99,99
143,52
121,152
4,71
107,109
16,2
124,20
20,29
60,60
58,59
94,89
9,9
76,76
10,29
44,44
12,17
29,136
63,63
22,22
142,46
13,40
107,117
96,96
109,109
19,117
8,154
136,137
101,73
145,9
111,139
95,95
83,83
70,66
81,146
95,95
11,11
60,60
98,81
71,71
79,81
126,126
134,87
23,23
115,30
23,23
31,31
13,13
122,30
86,74
53,151
30,109
36,29
145,145
123,122
30,30
47,47
75,75
48,10
128,73
134,133
123,141
99,99
12,12
10,9
23,23
108,108
74,87
20,20
58,100
12,106
148,96
94,94
80,80
145,145
85,80
128,55
106,106
146,76
91,91
124,151
107,107
30,102
123,123
126,140
94,94
88,88
46,26
97,80
143,143
45,45
88,75
57,10
77,77
39,30
113,113
63,15
95,87
1,53
100,145
20,20
142,46
115,115
127,44
116,115
143,143
125,65
121,121
57,57
36,36
136,72
148,74
66,66
69,101
109,58
128,128
128,122
32,32
108,108
124,103
22,22
34,101
0,0
112,112
4,22
55,110
58,58
130,131
6,11
128,54
48,8
110,105
3,3
119,119
18,125
74,86
143,62
150,24
134,82
37,2
41,41
110,110
125,65
4,47
146,146
69,62
97,152
137,39
11,11
36,36
139,139
118,102
64,0
46,46
38,38
23,23
71,129
88,116
65,29
85,85
139,17
125,150
137,68
127,36
27,28
3,21
127,127
129,129
129,10
88,115
116,21
88,24
89,94
103,103
42,42
46,46
45,3
119,2
97,122
4,66
136,109
17,149
70,70
122,69
32,152
43,40
13,13
34,144
33,105
52,52
83,83
32,54
19,19
106,55
60,60
95,95
97,26
115,113
3,152
128,22
4,4
122,17
149,38
11,11
45,45
151,151
148,148
54,54
123,137
107,23
50,49
129,129
3,3
97,84
12,153
91,98
65,65
62,62
119,119
102,18
124,5
52,49
138,109
142,68
1,14
18,18
105,105
99,99
137,136
123,54
46,68
108,110
100,100
69,68
108,104
135,135
146,77
31,72
125,150
30,30
3,62
70,58
60,23
101,101
125,125
31,31
149,5
96,96
28,28
59,22
46,53
1,125
60,49
128,49
82,93
143,143
105,105
139,138
116,117
108,99
89,94
74,74
17,17
41,41
45,21
136,28
47,47
109,17
58,103
45,60
30,38
46,46
107,107
115,16
4,4
95,77
122,12
74,74
85,85
8,33
13,145
135,135
94,94
122,71
127,1
47,62
68,71
121,121
47,147
129,113
6,29
139,105
35,35
111,111
128,127
42,129
36,36
4,12
138,138
35,34
31,125
127,1
154,154
25,25
78,86
150,150
82,82
59,59
29,136
130,78
32,32
89,94
102,11
45,38
99,73
151,149
57,132
137,126
127,15
128,106
53,29
135,96
9,9
152,23
63,65
122,32
8,57
18,18
4,126
48,17
35,154
101,101
78,148
150,152
122,122
41,41
33,27
86,78
128,105
92,92
1,100
143,75
111,16
106,106
125,68
35,5
6,6
128,60
85,84
128,62
12,16
52,4
64,151
110,110
89,133
100,100
57,57
48,154
97,148
115,56
143,42
0,64
83,83
111,22
74,86
39,39
97,133
32,32
139,16
142,120
85,85
105,105
98,81
148,98
71,71
116,27
46,57
130,82
71,137
74,74
30,43
128,152
50,50
5,103
129,129
16,147
29,50
91,91
1,45
42,42
36,36
102,72
130,131
137,53
128,52
122,4
91,91
13,13
57,57
143,3
144,19
18,18
97,96
132,132
48,9
80,80
109,109
81,130
44,44
142,142
128,138
72,8
29,51
64,36
122,153
144,144
127,141
82,86
17,5
80,80
10,145
144,34
94,89
144,111
137,137
142,142
34,13
28,28
108,108
3,138
69,69
9,9
148,148
127,123
134,134
113,113
125,16
118,118
116,116
128,56
83,78
107,107
11,11
136,21
58,58
17,140
39,44
110,55
4,52
59,152
9,3
147,147
59,59
128,53
57,140
37,37
116,99
66,66
89,89
50,29
14,14
34,34
128,34
6,11
97,95
1,1
58,58
105,113
63,71
79,94
104,104
130,131
42,42
39,33
142,11
103,103
122,6
47,109
151,39
128,34
128,105
11,141
77,77
93,132
145,145
132,31
122,142
2,2
22,22
137,34
35,9
9,72
116,115
19,19
12,153
70,70
82,82
126,138
116,21
153,41
18,18
59,59
59,59
97,135
72,72
28,144
38,24
26,26
114,143
93,93
93,91
108,108
21,21
79,135
31,31
36,40
35,35
127,127
4,32
150,116
122,53
21,21
5,5
38,115
31,31
109,120
128,136
32,32
125,125
123,121
122,152
47,24
44,8
95,74
125,36
100,100
148,148
60,61
112,112
143,143
83,83
85,85
95,95
4,52
23,121
123,4
10,10
5,19
57,43
4,141
149,149
87,78
116,112
109,109
8,8
81,81
19,19
64,0
106,106
12,137
79,88
146,146
32,32
61,60
1,32
52,21
147,40
4,137
85,133
30,18
47,47
67,67
46,6
21,21
124,50
85,85
112,16
55,55
14,14
29,29
81,80
107,107
97,106
25,25
9,10
32,32
108,108
122,22
20,5
115,115
142,124
82,82
134,75
47,62
38,38
10,9
33,33
101,154
22,22
85,84
111,111
8,8
56,56
128,53
39,39
142,142
142,102
83,83
128,71
50,141
66,31
97,87
149,104
123,43
90,90
77,77
137,0
44,1
55,104
73,104
25,25
123,137
21,41
21,10
105,105
4,139
50,118
84,79
134,134
29,49
9,9
84,85
56,32
150,10
6,6
10,48
89,89
148,88
130,90
145,145
102,71
32,129
142,122
95,133
12,12
79,93
30,39
11,5
148,77
114,114
144,15
98,98
32,32
110,55
30,30
48,48
124,53
54,49
3,3
93,130
138,138
66,66
47,70
30,30
128,151
12,34
59,152
85,75
56,56
2,2
97,85
80,82
98,98
128,141
4,49
97,34
121,52
11,11
107,107
10,9
97,89
4,59
6,121
132,132
100,64
128,151
46,46
13,13
137,121
10,25
68,68
27,27
73,73
126,11
62,65
30,24
24,24
69,69
103,109
134,134
99,99
91,91
32,47
88,80
127,15
27,27
4,4
126,126
50,24
97,134
64,150
48,28
84,84
122,14
54,52
85,84
11,11
46,46
7,7
76,76
57,25
68,68
88,85
44,44
89,82
133,133
27,27
31,69
148,148
117,117
68,57
30,58
74,86
3,24
128,124
129,129
60,68
11,34
76,76
15,15
121,50
19,26
122,136
109,58
53,33
4,6
79,94
124,50
109,21
95,95
6,105
98,98
19,113
47,47
79,79
88,88
145,145
142,72
72,72
97,86
112,112
99,73
68,63
135,79
109,103
60,60
145,35
134,96
70,70
122,22
112,119
123,27
79,79
124,49
79,97
135,74
97,148
128,15
38,41
146,146
5,17
52,3
103,23
123,124
137,70
4,49
142,145
95,86
123,122
119,120
54,29
129,26
47,42
122,2
6,46
92,92
111,55
142,136
151,107
104,104
143,0
79,79
134,97
11,11
106,117
91,91
146,130
50,51
111,111
151,137
134,134
30,5
97,108
123,5
122,0
17,149
68,29
73,73
70,70
38,40
53,6
126,126
4,20
100,33
12,12
4,63
119,119
99,99
137,151
0,15
142,28
131,87
38,125
4,4
19,19
128,58
52,56
88,85
104,104
85,85
4,4
148,89
40,40
150,111
95,81
120,120
99,99
10,46
106,106
48,48
14,14
142,118
128,123
29,122
56,56
35,35
67,67
4,32
109,109
25,10
130,135
126,126
60,60
46,22
78,93
64,70
47,31
128,127
119,31
128,7
147,4
99,99
34,34
143,55
69,69
30,145
84,76
101,58
97,97
59,20
43,41
150,124
70,39
149,6
47,144
97,133
120,120
82,75
140,140
131,131
99,99
119,107
102,102
88,89
115,115
95,90
88,85
128,29
114,114
53,54
47,24
73,55
12,16
69,69
33,21
45,108
50,50
64,62
33,33
68,68
53,52
91,91
8,126
142,142
4,50
34,34
22,153
148,148
69,23
61,20
10,10
97,68
127,57
27,38
128,68
81,81
46,94
3,72
56,56
109,58
102,101
127,10
107,107
124,101
1,1
103,103
99,73
72,72
98,98
142,70
80,80
127,12
31,31
30,72
118,118
47,47
11,11
16,2
143,139
84,85
64,64
38,40
128,124
70,70
119,119
97,98
47,4
33,33
142,65
139,139
104,12
14,14
120,120
72,38
83,78
88,117
12,12
150,114
140,140
142,137
12,58
66,66
27,27
10,51
47,33
36,28
54,54
120,127
62,62
95,93
33,126
97,3
122,140
80,80
6,6
124,50
98,83
97,91
128,38
6,3
36,36
28,48
109,109
38,39
69,39
88,84
57,57
127,70
142,142
112,112
62,62
40,40
40,23
48,127
149,126
138,138
35,45
115,115
47,150
130,143
27,147
1,40
62,30
16,16
52,3
134,86
75,84
128,72
18,18
71,71
26,26
50,50
6,150
45,45
38,38
122,116
70,63
128,32
123,122
22,22
22,22
124,34
20,22
137,137
89,133
45,25
12,12
139,73
44,44
123,124
82,96
148,76
142,0
5,16
28,153
21,3
6,6
119,119
20,22
137,71
123,55
87,74
34,34
143,19
68,62
60,61
137,33
17,149
25,40
30,150
81,81
116,116
75,75
48,48
75,75
148,82
65,138
32,109
38,129
11,11
111,37
145,69
130,77
143,40
14,126
27,39
19,5
80,80
27,27
94,94
110,110
97,77
4,4
22,63
72,38
131,80
27,77
55,55
71,35
