71,138
113,113
127,127
93,130
112,15
94,133
59,59
83,79
105,105
27,52
41,41
71,71
58,58
142,141
116,37
36,36
17,5
56,56
144,33
130,130
46,20
56,121
119,119
45,68
88,88
28,28
135,135
26,26
139,14
98,87
55,67
153,61
124,122
1,1
95,95
0,0
143,143
0,22
100,100
94,75
145,144
28,28
23,59
123,123
122,66
98,98
17,5
88,49
46,46
126,150
6,142
138,139
104,104
45,56
146,97
123,114
117,65
39,39
147,32
149,17
146,146
49,49
27,138
123,123
146,146
150,150
114,106
10,9
31,5
68,65
150,150
114,114
76,79
73,73
13,13
66,7
151,65
149,12
143,6
18,47
71,71
125,42
57,57
145,144
51,123
24,0
122,149
84,97
112,124
49,4
96,96
146,146
27,45
117,117
8,63
27,59
22,22
24,24
151,151
137,11
51,138
57,57
116,26
43,43
30,116
110,110
85,85
145,145
27,32
120,120
148,148
6,52
82,86
48,8
48,25
26,144
117,117
28,28
49,50
126,154
9,127
140,140
37,37
66,128
118,150
136,136
58,103
108,18
46,46
137,137
88,75
31,43
19,19
9,9
47,65
102,102
32,48
12,129
154,150
14,14
108,104
120,120
87,74
77,76
58,103
57,57
1,34
46,46
36,62
46,124
95,78
90,90
60,60
68,139
69,66
25,25
120,120
5,5
151,27
46,123
127,127
133,62
128,141
47,0
50,4
21,21
111,112
106,112
62,36
18,18
112,112
82,98
92,92
118,34
110,110
11,11
115,115
88,94
116,116
109,109
67,62
71,71
102,102
117,149
89,148
122,137
0,0
151,136
109,109
122,110
85,85
73,73
97,97
17,17
116,129
139,121
54,54
46,72
56,56
123,110
87,87
104,104
64,64
115,115
24,24
142,47
145,14
73,73
128,151
47,143
11,11
76,131
60,7
121,38
49,53
47,47
143,114
68,25
2,31
63,63
57,33
27,70
39,112
93,75
8,18
142,142
26,115
2,37
56,72
25,28
46,9
70,153
3,3
127,5
1,1
2,65
64,64
56,56
106,152
95,95
103,103
88,94
116,18
19,19
137,121
112,112
142,142
44,28
21,72
64,64
46,72
109,109
42,112
130,146
12,6
21,21
147,149
150,48
94,94
113,113
83,98
31,100
150,36
41,40
71,140
86,74
13,13
136,60
60,60
95,95
42,42
69,69
66,66
110,31
26,116
65,138
27,27
26,116
124,66
112,119
12,12
33,118
4,144
131,131
89,95
152,152
39,44
105,105
116,116
84,90
83,83
41,51
99,99
27,35
76,83
117,117
116,115
100,100
132,146
133,130
128,100
0,106
68,62
129,72
78,78
128,54
124,122
133,93
16,16
25,34
108,108
55,55
74,74
36,36
141,141
116,26
24,24
98,98
1,1
77,77
148,86
69,69
59,59
83,83
59,59
95,97
48,32
30,105
8,8
111,58
89,82
34,34
76,90
131,131
41,43
55,110
55,67
46,56
127,141
54,54
127,37
144,5
77,86
115,115
30,61
8,8
88,88
126,126
80,74
72,35
149,149
83,83
107,107
114,114
77,146
146,146
17,0
124,129
132,132
143,114
6,51
144,144
2,2
61,61
46,6
7,147
11,11
21,143
113,113
23,23
20,3
10,70
113,113
127,10
80,80
52,53
70,67
61,141
6,45
124,124
52,52
1,1
77,95
93,93
71,53
135,135
116,21
150,41
86,77
121,141
2,31
27,20
148,148
28,28
5,129
153,145
52,52
118,49
65,145
50,67
111,111
34,38
44,44
67,37
81,96
76,76
90,90
143,111
147,147
119,119
10,9
33,102
149,108
121,121
34,58
94,97
6,45
123,101
45,20
138,22
106,106
97,135
103,32
72,72
6,138
31,24
53,151
32,32
49,4
88,107
142,71
59,59
12,52
128,128
4,50
116,116
70,70
11,142
33,11
118,118
51,54
59,12
13,34
111,99
144,33
110,110
128,61
88,88
62,70
122,46
79,41
72,139
123,53
68,68
49,35
28,57
57,57
152,20
31,31
133,23
24,64
65,30
32,32
64,0
77,97
146,95
14,145
47,144
39,39
85,75
36,62
121,121
125,36
38,38
21,15
48,28
112,112
60,60
134,92
82,135
136,151
140,12
126,126
142,150
33,33
49,49
40,118
66,59
135,135
25,25
29,127
122,46
90,90
66,3
24,37
0,154
24,22
42,42
132,132
5,21
102,24
52,121
120,113
11,2
135,135
115,115
50,149
151,40
0,30
72,109
96,81
12,12
100,100
115,115
19,19
46,39
58,58
67,151
32,100
47,33
40,36
134,91
88,88
79,76
110,110
65,63
86,131
22,22
12,11
71,69
48,28
29,29
41,41
48,41
81,148
93,93
124,123
133,148
124,20
101,101
8,140
47,111
6,127
102,109
47,125
47,42
90,90
77,95
31,35
89,94
123,123
149,149
111,101
22,22
99,99
99,138
90,91
92,92
56,32
48,9
78,88
61,61
51,27
36,36
128,46
3,66
100,33
81,90
122,109
112,70
49,49
79,79
84,88
80,80
39,115
102,102
39,39
21,37
122,142
26,26
123,36
44,44
117,123
125,125
149,45
80,96
145,145
48,42
122,0
49,121
113,113
12,140
76,130
67,67
91,91
109,56
48,48
134,94
100,100
57,48
55,110
130,134
29,29
27,27
48,1
28,10
9,11
137,114
4,4
116,43
23,51
67,67
151,151
44,32
12,12
9,105
60,64
104,104
79,79
134,95
40,38
47,31
139,139
135,87
22,127
132,146
141,141
127,127
73,111
129,63
71,69
150,103
28,10
128,128
14,13
50,138
13,14
18,55
27,121
51,33
130,135
7,7
6,63
152,152
105,143
47,13
151,126
0,0
133,85
96,96
144,144
47,26
23,124
14,15
54,54
133,132
134,76
122,71
150,73
139,149
6,54
92,92
66,20
93,81
6,113
68,68
116,116
95,98
123,112
52,52
123,4
77,146
36,73
143,108
105,105
34,34
42,145
33,18
48,28
75,81
11,11
100,100
114,19
51,51
89,94
3,10
35,16
139,129
139,39
34,50
83,83
143,143
10,147
131,93
47,38
106,106
133,133
112,58
123,54
110,7
56,56
96,96
7,123
128,137
47,97
84,80
37,37
98,86
25,45
30,108
8,28
126,154
1,1
35,35
40,27
48,6
79,85
96,96
51,41
53,141
18,33
30,29
6,11
123,118
132,93
8,48
123,45
6,6
35,67
137,53
59,59
93,93
90,90
4,4
108,3
144,18
151,137
135,96
88,88
4,4
139,21
119,119
148,75
108,59
34,35
52,71
52,51
104,104
23,23
52,52
63,39
137,129
108,108
117,117
10,142
2,37
25,25
14,14
111,111
48,25
31,31
122,71
89,81
47,28
128,128
4,50
139,103
62,24
118,118
131,130
133,133
108,48
6,6
47,152
130,79
9,48
121,7
85,75
97,97
144,35
46,121
29,51
92,92
133,84
23,59
138,22
118,113
68,68
142,4
126,28
6,58
23,66
104,105
34,57
84,85
27,4
33,126
144,144
11,59
147,113
128,127
123,64
99,106
92,92
10,68
132,132
106,106
144,139
125,45
27,109
26,149
76,76
108,108
58,109
110,149
46,40
89,89
27,100
109,103
142,126
133,89
101,101
72,72
77,77
55,110
41,63
62,66
142,115
0,0
114,114
102,102
88,88
101,101
89,131
139,139
11,11
23,71
66,20
151,124
110,110
124,124
29,52
120,119
66,66
44,42
81,80
52,9
51,9
103,103
49,118
144,144
94,94
137,137
81,134
111,25
146,146
54,35
85,88
55,105
32,32
75,41
20,20
61,61
127,127
47,62
15,15
97,79
43,48
48,10
110,110
4,54
74,74
74,76
58,58
142,30
115,115
120,120
132,132
97,146
4,61
39,42
10,10
95,95
133,134
128,126
26,26
126,60
87,93
148,89
151,151
66,20
55,55
90,90
12,12
94,89
67,47
33,9
137,137
10,10
76,80
107,21
27,15
31,40
47,47
130,44
153,153
70,70
15,16
27,103
29,29
57,13
101,111
99,99
29,52
59,152
54,71
149,109
2,2
123,20
23,29
60,60
58,59
134,89
122,9
76,76
142,29
25,44
154,17
147,136
65,63
17,22
65,46
4,40
107,117
96,96
109,109
117,117
52,154
137,137
129,73
46,9
126,139
95,95
83,83
29,66
77,146
95,95
11,11
60,60
146,81
142,71
79,81
126,126
132,87
23,23
30,30
23,23
31,31
13,13
27,30
78,74
151,151
59,109
33,29
35,145
123,122
21,30
47,47
75,75
48,10
151,73
133,133
123,141
120,99
38,12
10,9
23,23
108,108
86,87
20,20
23,100
31,106
97,96
94,94
83,80
145,145
79,80
128,55
106,106
78,76
91,91
122,151
107,107
121,102
123,123
129,140
94,94
88,88
123,26
132,80
143,143
45,45
85,75
28,10
77,77
40,30
105,113
102,15
130,87
12,53
35,145
20,20
46,46
116,115
151,44
26,115
143,143
14,65
121,121
57,57
64,36
137,72
90,74
66,66
153,101
109,58
128,128
122,122
32,32
108,108
123,103
22,22
110,101
0,0
112,112
121,22
110,110
58,58
131,131
6,11
46,54
48,8
110,105
3,3
119,119
47,125
74,86
141,62
150,24
134,82
2,2
41,41
110,110
73,65
112,47
146,146
126,62
47,152
4,39
11,11
62,36
139,139
30,102
13,0
6,46
38,38
23,23
129,129
133,116
71,29
88,85
139,17
142,150
137,68
123,36
48,28
16,21
45,127
129,129
151,10
123,115
117,21
133,24
81,94
58,103
42,42
46,46
29,3
6,2
133,122
151,66
138,109
17,149
62,70
48,69
17,152
43,40
13,13
2,144
2,105
52,52
83,83
69,54
19,19
114,55
63,60
95,95
48,26
146,113
100,152
47,22
128,4
27,17
142,38
11,11
45,45
151,151
87,148
54,54
122,137
107,23
49,49
129,129
121,3
133,84
123,153
91,98
65,65
62,62
119,119
102,18
46,5
52,49
64,109
142,68
34,14
18,18
105,105
99,99
136,136
124,54
46,68
145,110
100,100
68,68
30,104
148,135
146,77
31,72
150,150
30,30
23,62
70,58
12,23
101,101
62,125
2,31
140,5
96,96
28,28
22,22
123,53
1,125
4,49
27,49
81,93
106,143
106,105
126,138
116,117
53,99
94,94
74,74
17,17
41,41
24,21
147,28
47,47
147,17
58,103
97,60
64,38
123,46
107,107
30,16
4,4
77,77
27,12
146,74
84,85
28,33
145,145
135,135
94,94
47,71
127,1
47,62
68,71
29,121
47,147
113,113
6,29
25,105
35,35
111,111
142,127
42,129
36,36
123,12
142,138
42,34
31,125
44,1
9,154
10,25
76,86
150,150
96,82
59,59
144,136
77,78
32,32
130,94
12,11
108,38
73,73
138,149
130,132
137,126
138,15
122,106
51,29
48,96
9,9
149,23
65,65
122,32
8,57
18,18
27,126
127,17
65,154
101,101
96,148
152,152
122,122
41,41
41,27
91,78
111,105
92,92
1,100
93,75
123,16
106,106
36,68
35,5
6,6
46,60
84,84
128,62
12,16
121,4
30,151
55,110
76,133
103,100
57,57
1,154
132,148
56,56
104,42
0,64
83,83
116,22
74,86
70,39
133,133
8,32
16,16
47,120
85,85
107,105
130,81
132,98
71,71
47,27
46,57
77,82
29,137
74,74
4,43
137,152
50,50
121,103
129,129
0,147
29,50
91,91
44,45
42,42
33,36
102,72
74,131
123,53
128,52
7,4
91,91
13,13
57,57
116,3
144,19
18,18
133,96
78,132
9,9
80,80
109,109
87,130
44,44
142,142
136,138
69,8
4,51
15,36
47,153
144,144
141,141
80,86
5,5
80,80
128,145
144,34
89,89
117,111
137,137
47,142
34,13
28,28
108,108
138,138
69,69
44,9
148,148
127,123
134,134
113,113
15,16
118,118
116,116
128,56
79,78
21,107
11,11
152,21
103,58
17,140
44,44
55,55
4,52
66,152
3,3
147,147
59,59
46,53
153,140
37,37
39,99
66,66
89,89
29,29
14,14
34,34
126,34
11,11
132,95
1,1
58,58
113,113
45,71
81,94
104,104
130,131
118,42
142,33
27,11
103,103
39,6
102,109
22,39
69,34
128,105
151,141
77,77
132,132
14,145
132,31
28,142
2,2
66,22
111,34
44,9
72,72
115,115
2,19
149,153
70,70
82,82
137,138
69,21
38,41
18,18
22,59
59,59
132,135
72,72
144,144
42,24
41,26
143,143
93,93
81,91
63,108
21,21
95,135
19,31
33,40
35,35
127,127
151,32
133,116
27,53
21,21
5,5
26,115
31,31
120,120
122,136
147,32
125,125
123,121
123,152
45,24
8,8
78,74
64,36
100,100
148,148
50,61
112,112
143,143
74,83
84,85
95,95
52,52
58,121
123,4
27,10
55,19
100,43
58,141
149,149
78,78
104,112
109,109
9,8
81,81
19,19
65,0
106,106
11,137
83,88
146,146
30,32
61,60
48,32
123,21
127,40
30,137
79,133
126,18
47,47
15,67
46,6
21,21
123,50
85,85
43,16
55,55
13,14
29,29
96,80
107,107
132,106
10,25
147,10
32,32
108,108
123,22
3,5
115,115
27,124
82,82
134,75
139,62
38,38
1,9
33,33
154,154
66,22
85,84
111,111
8,8
56,56
128,53
38,39
142,142
27,102
83,83
128,71
153,141
29,31
134,87
139,104
142,43
90,90
78,77
51,0
1,1
34,104
55,104
45,25
151,137
21,41
145,10
104,105
47,139
54,118
135,79
134,134
29,49
10,9
84,85
109,32
57,10
6,6
8,48
89,89
88,88
79,90
35,145
145,71
20,129
27,122
130,133
12,12
98,93
138,39
65,5
74,77
114,114
144,15
98,98
32,32
55,55
30,30
48,48
123,53
52,49
3,3
131,130
136,138
61,66
47,70
30,30
137,151
42,34
152,152
81,75
56,56
2,2
133,85
82,82
98,98
46,141
29,49
27,34
51,52
11,11
107,107
10,9
134,89
123,59
63,121
132,132
0,64
128,151
53,46
13,13
137,121
53,25
47,68
27,27
73,73
137,11
70,65
23,24
24,24
70,69
109,109
134,134
99,99
91,91
44,47
133,80
47,15
27,27
4,4
126,126
129,24
97,134
3,150
108,28
84,84
27,14
56,52
84,84
11,11
46,46
7,7
86,76
154,25
68,68
88,85
44,44
82,82
133,133
27,27
148,69
74,148
117,117
30,57
58,58
74,86
3,24
47,124
129,129
42,68
144,34
76,76
15,15
29,50
117,26
123,136
58,58
123,33
12,6
97,94
122,50
108,21
95,95
124,105
98,98
2,113
47,47
79,79
88,88
145,145
142,72
72,72
81,86
112,112
107,73
67,63
148,79
58,103
60,60
153,35
97,96
70,70
27,22
112,119
47,27
79,79
53,49
97,97
74,74
133,148
136,15
38,41
148,146
17,17
128,3
23,23
123,124
137,70
4,49
27,145
75,86
122,122
119,120
7,29
43,26
122,42
132,2
46,46
92,92
110,55
137,136
39,107
104,104
149,0
79,79
134,97
11,11
129,117
91,91
130,130
50,51
111,111
137,137
83,134
64,5
47,108
50,5
47,0
5,149
68,29
11,73
2,70
38,40
141,6
126,126
60,20
32,33
12,12
20,63
119,119
99,99
137,151
15,15
142,28
87,87
125,125
4,4
19,19
71,58
111,56
84,85
104,104
85,85
4,4
89,89
40,40
128,111
77,81
120,120
99,99
10,46
106,106
48,48
14,14
47,118
122,123
71,122
20,56
35,35
67,67
7,32
109,109
10,10
130,135
126,126
16,60
46,22
89,93
62,70
150,31
46,127
116,31
27,7
4,4
99,99
34,34
114,55
69,69
137,145
79,76
126,58
97,97
20,20
2,41
47,124
37,39
151,6
18,144
83,133
120,120
89,75
140,140
131,131
99,99
117,107
102,102
132,89
115,115
77,90
84,85
123,29
114,114
53,54
34,24
55,55
35,16
69,69
8,21
108,108
50,50
64,62
33,33
68,68
53,52
91,91
28,126
142,142
88,50
34,34
17,153
148,148
3,23
70,20
10,10
47,68
46,57
25,38
52,68
85,81
97,94
52,72
56,56
58,58
101,101
53,10
107,107
11,101
1,1
103,103
99,73
72,72
98,98
47,70
80,80
46,12
31,31
7,72
118,118
47,47
11,11
2,2
143,139
84,85
64,64
40,40
122,124
70,70
119,119
79,98
52,4
33,33
142,65
139,139
126,12
13,14
120,120
38,38
133,78
123,117
12,12
25,114
140,140
47,137
4,58
66,66
27,27
151,51
142,33
36,28
54,54
111,127
67,62
95,93
128,126
97,3
142,140
82,80
141,6
36,50
95,83
133,91
128,38
46,3
36,36
150,48
56,109
38,39
70,39
85,84
57,57
22,70
142,142
112,112
62,62
40,40
150,23
127,127
137,126
138,138
33,45
115,115
47,150
113,143
61,147
15,40
20,30
16,16
27,3
79,86
76,84
128,72
18,18
71,71
26,26
50,50
49,150
45,45
38,38
27,116
65,63
39,32
128,122
61,22
22,22
151,34
20,22
137,137
133,133
45,25
12,12
113,73
44,44
122,124
80,96
133,76
128,0
149,16
126,153
3,3
12,6
119,119
61,22
137,71
151,55
74,74
67,34
104,19
68,62
150,61
25,33
26,149
4,40
66,150
146,81
116,116
75,75
48,48
75,75
135,82
124,138
32,109
26,129
11,11
27,37
109,69
130,77
18,40
56,126
26,39
101,5
80,80
27,27
94,94
110,110
132,77
4,4
20,63
113,38
28,80
130,77
55,55
1,35
