137,138
113,113
127,127
130,130
11,15
134,133
138,59
130,79
105,105
123,52
40,41
51,71
103,58
123,141
117,37
64,36
17,5
56,56
36,33
134,130
127,20
25,121
119,119
45,68
89,88
47,28
148,135
116,26
14,14
98,87
102,67
22,61
123,122
9,1
81,95
0,0
143,143
14,22
100,100
75,75
118,144
28,28
22,59
123,123
137,66
98,98
17,5
93,49
46,46
137,150
142,142
137,139
112,104
71,56
134,97
42,114
112,65
53,39
49,32
16,17
95,146
49,49
48,138
123,123
146,146
150,150
106,106
10,9
47,5
118,65
150,150
114,114
148,79
73,73
144,13
6,7
125,65
12,12
16,6
47,47
71,71
53,42
100,57
144,144
36,123
146,0
122,149
146,97
5,124
4,4
135,96
146,146
48,45
116,117
16,63
123,59
23,22
150,24
151,151
137,11
136,138
57,57
116,26
150,43
100,116
101,110
84,85
144,145
123,32
19,120
148,148
125,52
74,86
48,8
48,25
138,144
37,117
48,28
49,50
126,154
44,127
140,140
34,37
125,128
129,150
137,136
109,103
68,18
46,46
137,137
88,75
40,43
113,19
35,9
102,65
102,102
127,48
59,129
33,150
8,14
47,104
120,120
87,74
89,76
103,103
57,57
34,34
141,46
62,62
6,124
89,78
90,90
20,60
68,139
136,66
25,25
120,120
17,5
137,27
136,123
0,127
123,62
128,141
18,0
29,4
21,21
7,112
112,112
64,36
18,18
112,112
81,98
92,92
78,34
58,110
11,11
116,115
133,94
116,116
47,109
3,62
71,71
102,102
115,149
97,148
137,137
26,0
137,136
109,109
129,110
75,85
73,73
97,97
5,17
11,129
48,121
54,54
128,72
56,56
114,110
87,87
119,104
125,64
26,115
24,24
88,47
108,14
106,73
126,151
88,143
73,11
132,131
6,7
29,38
63,53
47,47
114,114
125,25
124,31
63,63
63,33
123,70
112,112
94,75
18,18
138,142
115,115
70,37
56,72
150,28
127,9
64,153
68,3
47,5
9,1
39,65
31,64
56,56
59,152
95,95
103,103
130,94
15,18
19,19
137,121
112,112
137,142
57,28
59,72
40,64
128,72
109,109
126,112
77,146
95,6
41,21
14,149
111,48
94,94
113,113
88,98
31,100
150,36
26,40
137,140
82,74
13,13
32,60
60,60
95,95
42,42
69,69
66,66
66,31
56,116
70,138
26,27
26,116
11,66
119,119
12,12
58,118
143,144
93,131
130,95
22,152
118,44
105,105
116,116
88,90
87,83
36,51
99,99
123,35
83,83
118,117
38,115
141,100
87,146
123,130
128,100
58,106
62,62
140,72
78,78
6,54
122,122
133,93
0,16
8,34
108,108
55,55
90,74
24,36
141,141
149,26
9,24
77,98
1,1
86,77
74,86
69,69
59,59
83,83
59,59
97,97
27,32
117,105
10,8
58,58
84,82
18,34
83,90
131,131
149,43
55,110
111,67
55,56
136,141
151,54
42,37
34,5
77,86
116,115
4,61
8,8
88,88
126,126
95,74
66,35
16,149
83,83
58,107
114,114
130,146
77,146
17,0
149,129
132,132
114,114
5,51
71,144
2,2
61,61
6,6
149,147
11,11
55,143
113,113
9,23
21,3
145,70
113,113
28,10
82,80
51,53
37,67
61,141
150,45
122,124
4,52
8,1
86,95
93,93
32,53
135,135
5,21
139,41
94,77
137,141
2,31
123,20
83,148
33,28
66,129
153,145
4,52
17,49
145,145
137,67
11,111
22,38
1,44
37,37
85,96
79,76
90,90
111,111
147,147
104,119
53,9
102,102
15,108
121,121
52,58
92,97
53,45
137,101
58,20
22,22
106,106
134,135
27,32
72,72
16,138
40,24
151,151
16,32
4,4
133,107
123,71
147,59
154,52
128,128
121,50
31,116
100,70
124,142
51,11
23,118
50,54
59,12
15,34
49,99
144,33
110,110
68,61
81,88
138,70
23,46
41,41
6,139
123,53
68,68
150,35
137,57
44,57
22,20
31,31
150,23
24,64
37,30
44,32
27,0
130,97
130,95
145,145
145,144
68,39
88,75
62,62
66,121
68,36
0,38
31,15
48,28
23,112
60,60
97,92
134,135
142,151
31,12
137,126
142,150
102,33
49,49
41,118
61,59
123,135
10,25
151,127
142,46
82,90
20,3
1,37
16,154
23,22
33,42
132,132
5,21
8,24
4,121
120,113
18,2
135,135
116,115
24,149
128,40
55,30
23,109
97,81
12,12
100,100
115,115
19,19
126,39
58,58
51,151
116,100
9,33
119,36
134,91
88,88
89,76
111,110
121,63
87,131
22,22
153,11
72,69
48,28
29,29
40,41
61,41
83,148
87,93
122,123
132,148
124,20
140,101
103,140
142,111
29,127
24,109
28,125
60,42
98,90
95,95
65,35
89,94
123,123
149,149
123,101
22,22
99,99
123,138
91,91
92,92
56,32
1,9
75,88
61,61
1,27
36,36
122,46
29,66
23,33
134,90
67,109
144,70
49,49
79,79
88,88
80,80
37,115
102,102
68,39
64,37
137,142
26,26
88,36
44,44
126,123
5,125
61,45
80,96
145,145
101,42
29,0
117,121
113,113
95,140
130,130
67,67
91,91
141,56
28,48
134,94
100,100
10,48
110,110
134,134
29,29
9,27
47,1
28,10
127,11
137,114
29,4
18,43
23,51
65,67
151,151
9,32
12,12
122,105
22,64
104,104
79,79
97,95
125,38
18,31
150,139
135,87
46,127
92,146
141,141
127,127
31,111
118,63
150,69
138,103
51,10
54,128
13,13
126,138
14,14
41,55
123,121
27,33
94,135
122,7
121,63
140,152
33,143
123,13
137,126
0,0
146,85
80,96
145,144
123,26
23,124
30,15
49,54
133,132
134,76
137,71
126,73
140,149
63,54
85,92
61,20
133,81
2,113
36,68
149,116
83,98
123,112
44,52
5,4
146,146
33,73
48,108
105,105
14,34
102,145
101,18
28,28
75,81
11,11
100,100
114,19
51,51
89,94
21,10
35,16
137,129
55,39
101,50
83,83
143,143
122,147
93,93
5,38
58,106
133,133
138,58
123,54
30,7
30,56
96,96
6,123
122,137
93,97
85,80
37,37
83,86
8,45
23,108
28,28
100,154
1,1
13,35
64,27
123,6
146,85
96,96
33,41
137,141
35,33
52,29
6,11
48,118
123,93
33,48
47,45
6,6
24,67
128,53
59,59
93,93
90,90
4,4
23,3
18,18
137,137
134,96
88,88
0,4
102,21
119,119
148,75
43,59
35,35
24,71
49,51
104,104
23,23
49,52
21,39
55,129
104,108
5,117
125,142
2,37
9,25
126,14
111,111
57,25
41,31
53,71
146,81
33,28
128,128
50,50
23,103
24,24
118,118
133,130
133,133
0,48
6,6
47,152
132,79
63,48
141,7
94,75
97,97
59,35
123,121
63,51
92,92
89,84
23,59
150,22
112,113
27,68
71,4
124,28
42,58
49,66
105,105
48,57
75,85
123,4
0,126
145,144
42,59
30,113
46,127
6,64
114,106
135,92
22,68
132,132
106,106
47,139
34,45
123,109
115,149
76,76
108,108
58,109
55,149
142,40
89,89
123,100
109,103
4,126
94,89
101,101
72,72
77,77
55,110
47,63
66,66
128,115
1,0
114,114
101,102
89,88
111,101
85,131
139,139
118,11
30,71
122,20
124,124
55,110
122,124
52,52
120,119
20,66
18,42
74,80
151,9
53,9
103,103
142,118
144,144
94,94
6,137
98,134
116,25
146,146
47,35
88,88
58,105
9,32
142,41
20,20
61,61
141,127
36,62
100,15
95,79
129,48
123,10
110,110
6,54
74,74
74,76
58,58
123,30
115,115
120,120
132,132
89,146
37,61
130,42
8,10
95,95
133,134
128,126
56,26
60,60
93,93
75,89
151,151
20,20
110,55
74,90
12,12
97,89
112,47
28,9
137,137
25,10
82,80
29,21
33,15
38,40
42,47
108,44
58,153
40,70
16,16
123,103
29,29
144,13
101,111
99,99
126,52
66,152
55,71
8,109
65,2
5,20
30,29
61,60
58,59
134,89
123,9
90,76
5,29
39,44
12,17
138,136
53,63
61,22
128,46
137,40
104,117
82,96
109,109
37,117
126,154
137,137
9,73
42,9
139,139
148,95
83,83
102,66
146,146
77,95
11,11
60,60
77,81
71,71
130,81
122,126
89,87
23,23
60,30
23,23
31,31
13,13
123,30
131,74
67,151
103,109
47,29
14,145
136,122
72,30
47,47
75,75
45,10
128,73
134,133
120,141
105,99
23,12
28,9
23,23
108,108
77,87
20,20
23,100
56,106
134,96
94,94
80,80
34,145
132,80
51,55
101,106
95,76
132,91
151,151
107,107
23,102
46,123
42,140
94,94
88,88
127,26
92,80
66,143
45,45
75,75
42,10
77,77
150,30
113,113
71,15
89,87
18,53
58,145
66,20
6,46
115,115
72,44
116,115
143,143
18,65
121,121
28,57
36,36
128,72
74,74
66,66
143,101
109,58
128,128
7,122
10,32
108,108
124,103
22,22
54,101
0,0
112,112
66,22
111,110
58,58
131,131
6,11
141,54
28,8
117,105
30,3
119,119
18,125
74,86
142,62
33,24
92,82
2,2
36,41
55,110
111,65
23,47
146,146
56,62
142,152
123,39
11,11
70,36
110,139
126,102
15,0
66,46
17,38
59,23
111,129
142,116
29,29
85,85
126,17
122,150
137,68
124,36
48,28
66,21
127,127
129,129
126,10
123,115
140,21
150,24
84,94
103,103
126,42
46,46
3,3
151,2
123,122
139,66
128,109
149,149
47,70
123,69
32,152
118,40
13,13
142,144
127,105
29,52
83,83
149,54
19,19
120,55
60,60
95,95
123,26
149,113
49,152
123,22
49,4
123,17
47,38
11,11
36,45
151,151
74,148
54,54
124,137
112,23
71,49
42,129
20,3
96,84
124,153
91,98
129,65
36,62
119,119
42,18
52,5
49,49
72,109
142,68
67,14
33,18
105,105
99,99
136,136
9,54
68,68
144,110
100,100
43,68
47,104
133,135
74,77
72,72
126,150
30,30
103,62
26,58
140,23
101,101
24,125
16,31
17,5
96,96
8,28
22,22
127,53
34,125
72,49
51,49
75,93
106,143
120,105
139,138
117,117
100,99
89,94
74,74
17,17
57,41
27,21
32,28
47,47
22,17
118,103
60,60
41,38
123,46
107,107
30,16
29,4
77,77
123,12
86,74
81,85
25,33
12,145
135,135
94,94
142,71
87,1
100,62
68,71
50,121
133,147
113,113
21,29
150,105
13,35
111,111
136,127
150,129
62,36
51,12
138,138
102,34
16,125
6,1
28,154
28,25
90,86
153,150
96,82
58,59
29,136
130,78
56,32
89,94
61,11
118,38
73,73
137,149
95,132
137,126
45,15
137,106
22,29
82,96
28,9
66,23
121,65
142,32
32,57
18,18
51,126
28,17
68,154
101,101
79,148
129,152
122,122
34,41
67,27
86,78
33,105
92,92
28,100
89,75
48,16
106,106
18,68
0,5
6,6
122,60
88,84
137,62
23,16
54,4
3,151
55,110
88,133
100,100
57,57
22,154
134,148
107,56
34,42
26,64
83,83
132,22
87,86
70,39
133,133
32,32
16,16
123,120
85,85
59,105
77,81
134,98
65,71
15,27
124,57
95,82
128,137
87,74
137,43
137,152
51,50
9,103
129,129
46,147
29,50
91,91
63,45
42,42
19,36
102,72
134,131
142,53
111,52
137,4
91,91
13,13
57,57
51,3
144,19
18,18
123,96
132,132
9,9
80,80
109,109
148,130
115,44
142,142
136,138
42,8
49,51
5,36
123,153
15,144
46,141
148,86
5,5
96,80
144,145
73,34
97,89
23,111
137,137
123,142
15,13
28,28
108,108
138,138
118,69
44,9
148,148
122,123
134,134
113,113
14,16
118,118
17,116
151,56
131,78
23,107
11,11
7,21
58,58
17,140
44,44
110,55
49,52
66,152
45,3
147,147
59,59
126,53
66,140
2,37
31,99
66,66
89,89
29,29
14,14
34,34
54,34
62,11
123,95
1,1
58,58
113,113
71,71
92,94
8,104
87,131
39,42
49,33
123,11
103,103
48,6
47,109
2,39
124,34
114,105
142,141
77,77
93,132
14,145
123,31
52,142
44,2
22,22
133,34
151,9
68,72
116,115
2,19
49,153
35,70
82,82
136,138
43,21
27,41
18,18
59,59
59,59
134,135
72,72
33,144
33,24
38,26
114,143
93,93
77,91
0,108
21,21
86,135
31,31
33,40
35,35
127,127
49,32
133,116
123,53
21,21
140,5
116,115
64,31
104,120
137,136
30,32
40,125
122,121
123,152
24,24
25,8
84,74
64,36
48,100
148,148
46,61
112,112
143,143
98,83
84,85
91,95
54,52
59,121
123,4
9,10
59,19
100,43
49,141
149,149
78,78
68,112
103,109
42,8
81,81
19,19
1,0
106,106
137,137
91,88
146,146
9,32
20,60
58,32
124,21
28,40
128,137
146,133
139,18
47,47
18,67
6,6
21,21
52,50
85,85
31,16
55,55
14,14
29,29
91,80
103,107
123,106
44,25
33,10
25,32
108,108
8,22
21,5
116,115
123,124
82,82
134,75
52,62
72,38
151,9
33,33
8,154
22,22
76,84
111,111
8,8
56,56
128,53
126,39
66,142
48,102
83,83
128,71
117,141
33,31
97,87
139,104
123,43
90,90
77,77
139,0
1,1
34,104
143,104
68,25
142,137
125,41
107,10
105,105
142,139
136,118
146,79
134,134
137,49
9,9
77,85
45,32
43,10
6,6
27,48
22,89
88,88
134,90
34,145
102,71
52,129
123,122
146,133
12,12
87,93
49,39
137,5
133,77
114,114
18,15
98,98
26,32
73,55
67,30
48,48
124,53
137,49
2,3
97,130
137,138
6,66
144,70
30,30
122,151
102,34
152,152
75,75
24,56
22,2
133,85
82,82
98,98
29,141
50,49
123,34
53,52
35,11
107,107
9,9
134,89
48,59
64,121
132,132
60,64
137,151
53,46
18,13
123,121
29,25
38,68
27,27
73,73
6,11
125,65
99,24
24,24
72,69
59,109
134,134
99,99
12,91
100,47
133,80
15,15
27,27
49,4
126,126
124,24
92,134
10,150
150,28
84,84
123,14
32,52
87,84
143,11
6,46
46,7
95,76
139,25
68,68
84,85
64,44
89,82
97,133
35,27
24,69
88,148
117,117
23,57
58,58
98,86
29,24
131,124
129,129
15,68
34,34
76,76
15,15
54,50
19,26
48,136
58,58
62,33
66,6
96,94
112,50
100,21
95,95
128,105
91,98
138,113
54,47
79,79
88,88
3,145
142,72
72,72
134,86
112,112
104,73
67,63
135,79
143,103
60,60
17,35
92,96
24,70
123,22
112,119
123,27
148,79
124,49
83,97
74,74
133,148
24,15
39,41
91,146
23,17
3,3
17,23
124,124
137,70
49,49
123,145
78,86
124,122
105,120
122,29
140,26
123,42
48,2
46,46
92,92
111,55
142,136
99,107
104,104
19,0
79,79
133,97
12,11
119,117
83,91
134,130
50,51
111,111
151,137
87,134
64,5
142,108
150,5
48,0
129,149
68,29
99,73
129,70
38,40
22,6
126,126
23,20
145,33
12,12
23,63
119,119
99,99
53,151
27,15
123,28
87,87
6,125
4,4
19,19
142,58
139,56
84,85
104,104
85,85
4,4
89,89
31,40
137,111
77,81
120,120
99,99
42,46
106,106
48,48
14,14
123,118
53,123
136,122
137,56
35,35
67,67
145,32
109,109
10,10
97,135
126,126
20,60
46,22
77,93
24,70
55,31
128,127
19,31
123,7
151,4
99,99
150,34
105,55
69,69
136,145
134,76
137,58
94,97
20,20
2,41
24,124
37,39
21,6
144,144
83,133
120,120
134,75
140,140
93,131
99,99
4,107
102,102
133,89
115,115
134,90
85,85
122,29
114,114
29,54
100,24
35,55
9,16
120,69
35,21
68,108
50,50
37,62
33,33
68,68
53,52
132,91
42,126
142,142
110,50
14,34
140,153
148,148
126,23
119,20
145,10
123,68
6,57
47,38
7,68
95,81
134,94
108,72
56,56
58,58
109,101
123,10
107,107
124,101
28,1
103,103
104,73
72,72
148,98
123,70
80,80
12,12
17,31
3,72
118,118
47,47
11,11
35,2
42,139
84,85
150,64
41,40
124,124
18,70
119,119
131,98
12,4
33,33
123,65
58,139
129,12
14,14
120,120
38,38
148,78
123,117
12,12
142,114
149,140
123,137
35,58
142,66
27,27
72,51
32,33
36,28
54,54
5,127
138,62
93,93
141,126
123,3
33,140
76,80
6,6
64,50
89,83
133,91
128,38
6,3
38,36
42,48
109,109
26,39
69,39
82,84
129,57
24,70
66,142
112,112
64,62
24,40
125,23
46,127
33,126
138,138
139,45
39,115
71,150
143,143
13,147
60,40
22,30
16,16
57,3
92,86
76,84
128,72
18,18
136,71
17,26
71,50
62,150
35,45
38,38
123,116
36,63
36,32
122,122
22,22
61,22
60,34
22,22
51,137
133,133
47,25
12,12
139,73
44,44
124,124
83,96
130,76
128,0
39,16
104,153
59,3
6,6
119,119
16,22
121,71
141,55
74,74
47,34
35,19
62,62
61,61
87,33
138,149
142,40
36,150
83,81
40,116
75,75
28,48
75,75
82,82
24,138
3,109
116,129
69,11
51,37
20,69
95,77
36,40
12,126
33,39
15,5
80,80
144,27
94,94
110,110
48,77
4,4
21,63
72,38
83,80
77,77
55,55
47,35
