114,1
131,1
31,1
43,1
82,1
120,1
20,1
100,1
123,1
128,1
132,1
47,1
146,1
35,1
74,1
21,1
110,1
134,1
127,1
136,1
42,1
133,1
1,1
39,1
5,1
108,1
102,1
111,1
77,1
133,1
49,1
54,1
90,1
113,1
47,1
110,1
115,1
76,1
125,1
145,1
45,1
63,1
24,1
83,1
128,1
39,1
133,1
13,1
126,1
13,1
112,1
114,1
30,1
144,1
82,1
144,1
134,1
63,1
33,1
32,1
149,1
90,1
140,1
47,1
111,1
28,1
29,1
122,1
47,1
16,1
83,1
25,1
38,1
87,1
148,1
100,1
25,1
76,1
60,1
55,1
128,1
127,1
51,1
39,1
140,1
58,1
7,1
17,1
7,1
94,1
100,1
69,1
145,1
129,1
100,1
110,1
32,1
87,1
133,1
32,1
36,1
130,1
65,1
56,1
19,1
128,1
133,1
12,1
137,1
5,1
21,1
127,1
7,1
118,1
73,1
150,1
133,1
150,1
86,1
31,1
113,1
92,1
36,1
126,1
142,1
12,1
122,1
20,1
36,1
45,1
74,1
123,1
108,1
34,1
5,1
77,1
42,1
46,1
119,1
3,1
134,1
129,1
36,1
23,1
55,1
145,1
127,1
14,1
12,1
140,1
20,1
55,1
54,1
89,1
21,1
73,1
122,1
77,1
87,1
3,1
90,1
146,1
27,1
42,1
29,1
148,1
12,1
54,1
145,1
133,1
123,1
82,1
48,1
103,1
14,1
32,1
115,1
104,1
41,1
119,1
123,1
134,1
42,1
87,1
42,1
7,1
81,1
70,1
26,1
142,1
133,1
118,1
80,1
127,1
4,1
104,1
89,1
22,1
109,1
136,1
39,1
36,1
69,1
22,1
56,1
150,1
120,1
142,1
66,1
54,1
14,1
112,1
29,1
126,1
85,1
8,1
144,1
20,1
68,1
64,1
25,1
69,1
101,1
1,1
93,1
147,1
85,1
120,1
60,1
34,1
64,1
78,1
45,1
101,1
124,1
142,1
105,1
45,1
144,1
89,1
104,1
7,1
31,1
143,1
107,1
41,1
46,1
140,1
131,1
133,1
19,1
145,1
146,1
45,1
35,1
6,1
14,1
33,1
56,1
95,1
1,1
25,1
68,1
42,1
51,1
43,1
117,1
144,1
41,1
10,1
115,1
70,1
37,1
141,1
16,1
77,1
29,1
25,1
28,1
110,1
51,1
154,1
123,1
128,1
25,1
110,1
14,1
29,1
21,1
74,1
47,1
142,1
41,1
5,1
101,1
69,1
134,1
31,1
69,1
116,1
115,1
97,1
85,1
72,1
65,1
80,1
4,1
101,1
81,1
119,1
33,1
101,1
3,1
89,1
139,1
154,1
85,1
150,1
83,1
30,1
37,1
54,1
133,1
54,1
88,1
8,1
149,1
123,1
62,1
85,1
104,1
95,1
43,1
108,1
14,1
88,1
42,1
148,1
94,1
46,1
30,1
30,1
77,1
79,1
36,1
140,1
128,1
61,1
22,1
47,1
6,1
114,1
112,1
150,1
19,1
7,1
137,1
137,1
142,1
9,1
67,1
101,1
18,1
46,1
121,1
42,1
14,1
124,1
37,1
36,1
34,1
5,1
59,1
96,1
15,1
93,1
111,1
150,1
127,1
147,1
6,1
13,1
54,1
127,1
73,1
133,1
128,1
145,1
45,1
57,1
57,1
95,1
111,1
95,1
133,1
116,1
142,1
144,1
87,1
133,1
72,1
128,1
19,1
5,1
126,1
133,1
127,1
86,1
0,1
122,1
130,1
22,1
126,1
9,1
142,1
47,1
29,1
150,1
130,1
142,1
45,1
133,1
11,1
123,1
45,1
142,1
142,1
21,1
96,1
26,1
3,1
71,1
153,1
102,1
99,1
35,1
34,1
70,1
13,1
36,1
127,1
142,1
68,1
56,1
85,1
97,1
122,1
130,1
123,1
137,1
69,1
33,1
95,1
140,1
127,1
21,1
150,1
80,1
46,1
142,1
137,1
123,1
1,1
53,1
150,1
8,1
139,1
59,1
61,1
30,1
133,1
28,1
64,1
94,1
33,1
2,1
119,1
6,1
47,1
24,1
110,1
1,1
33,1
133,1
145,1
126,1
65,1
3,1
133,1
4,1
48,1
140,1
105,1
16,1
101,1
76,1
59,1
142,1
143,1
58,1
109,1
141,1
142,1
7,1
100,1
97,1
57,1
4,1
133,1
49,1
142,1
140,1
15,1
11,1
113,1
54,1
85,1
129,1
35,1
111,1
10,1
53,1
36,1
53,1
34,1
94,1
58,1
114,1
31,1
66,1
102,1
39,1
140,1
36,1
63,1
67,1
154,1
3,1
6,1
69,1
100,1
124,1
6,1
29,1
134,1
81,1
13,1
119,1
107,1
150,1
123,1
40,1
110,1
23,1
150,1
74,1
46,1
96,1
62,1
125,1
59,1
83,1
5,1
108,1
143,1
36,1
4,1
130,1
31,1
54,1
74,1
82,1
2,1
72,1
134,1
133,1
33,1
52,1
4,1
8,1
57,1
5,1
143,1
64,1
80,1
36,1
75,1
144,1
122,1
0,1
23,1
107,1
68,1
74,1
76,1
150,1
45,1
34,1
71,1
59,1
122,1
59,1
129,1
1,1
122,1
50,1
29,1
99,1
117,1
126,1
59,1
64,1
54,1
23,1
9,1
28,1
127,1
137,1
47,1
20,1
35,1
120,1
112,1
115,1
68,1
32,1
95,1
50,1
93,1
140,1
53,1
28,1
127,1
57,1
123,1
58,1
121,1
131,1
67,1
1,1
22,1
133,1
126,1
77,1
133,1
90,1
128,1
151,1
129,1
121,1
115,1
46,1
102,1
21,1
43,1
6,1
79,1
2,1
86,1
63,1
150,1
133,1
36,1
29,1
115,1
122,1
141,1
36,1
126,1
114,1
54,1
9,1
0,1
95,1
70,1
128,1
136,1
120,1
105,1
145,1
142,1
112,1
54,1
53,1
64,1
145,1
142,1
69,1
72,1
36,1
73,1
133,1
142,1
133,1
115,1
64,1
82,1
105,1
127,1
143,1
47,1
7,1
43,1
53,1
79,1
146,1
88,1
8,1
54,1
15,1
105,1
77,1
32,1
14,1
6,1
128,1
120,1
25,1
20,1
45,1
62,1
100,1
106,1
59,1
22,1
127,1
64,1
46,1
47,1
125,1
26,1
30,1
22,1
118,1
56,1
122,1
127,1
142,1
133,1
144,1
37,1
61,1
95,1
71,1
49,1
150,1
115,1
125,1
142,1
102,1
9,1
56,1
46,1
111,1
73,1
93,1
134,1
4,1
128,1
98,1
126,1
133,1
93,1
47,1
29,1
20,1
129,1
13,1
141,1
122,1
133,1
133,1
39,1
124,1
134,1
31,1
98,1
113,1
115,1
33,1
51,1
135,1
7,1
116,1
33,1
133,1
2,1
91,1
0,1
143,1
31,1
100,1
25,1
150,1
29,1
120,1
46,1
141,1
63,1
139,1
110,1
32,1
114,1
57,1
46,1
86,1
4,1
115,1
143,1
25,1
36,1
105,1
1,1
142,1
36,1
74,1
66,1
92,1
122,1
133,1
47,1
122,1
58,1
151,1
89,1
134,1
21,1
29,1
2,1
23,1
142,1
80,1
94,1
88,1
106,1
127,1
100,1
25,1
8,1
8,1
131,1
133,1
38,1
76,1
88,1
74,1
12,1
126,1
62,1
33,1
16,1
46,1
76,1
127,1
111,1
46,1
99,1
110,1
127,1
35,1
29,1
133,1
101,1
27,1
112,1
133,1
33,1
21,1
45,1
131,1
133,1
108,1
2,1
85,1
115,1
137,1
133,1
21,1
60,1
31,1
11,1
103,1
63,1
69,1
127,1
6,1
88,1
47,1
128,1
46,1
145,1
110,1
1,1
90,1
57,1
11,1
142,1
133,1
127,1
0,1
141,1
26,1
35,1
127,1
127,1
133,1
28,1
131,1
82,1
26,1
0,1
150,1
42,1
73,1
101,1
75,1
107,1
45,1
140,1
20,1
101,1
137,1
90,1
101,1
111,1
79,1
61,1
109,1
37,1
3,1
146,1
133,1
142,1
99,1
32,1
115,1
85,1
133,1
64,1
75,1
107,1
45,1
11,1
93,1
35,1
82,1
116,1
104,1
119,1
118,1
131,1
54,1
73,1
21,1
80,1
15,1
150,1
79,1
23,1
35,1
150,1
133,1
65,1
69,1
64,1
2,1
55,1
86,1
95,1
11,1
39,1
42,1
151,1
108,1
77,1
78,1
105,1
113,1
72,1
146,1
119,1
126,1
115,1
119,1
31,1
82,1
54,1
14,1
60,1
143,1
95,1
61,1
34,1
72,1
111,1
42,1
128,1
105,1
128,1
111,1
19,1
42,1
74,1
32,1
42,1
133,1
146,1
145,1
21,1
76,1
40,1
74,1
20,1
119,1
133,1
29,1
146,1
150,1
37,1
151,1
93,1
76,1
123,1
41,1
23,1
121,1
20,1
133,1
88,1
48,1
7,1
90,1
47,1
142,1
88,1
53,1
79,1
70,1
39,1
39,1
38,1
76,1
5,1
133,1
47,1
34,1
130,1
147,1
88,1
67,1
123,1
128,1
73,1
47,1
113,1
8,1
17,1
29,1
67,1
142,1
128,1
54,1
2,1
0,1
6,1
133,1
117,1
139,1
64,1
142,1
93,1
128,1
58,1
45,1
133,1
73,1
106,1
54,1
141,1
105,1
40,1
10,1
79,1
7,1
13,1
25,1
15,1
38,1
31,1
34,1
23,1
110,1
36,1
83,1
42,1
108,1
39,1
7,1
91,1
59,1
27,1
142,1
4,1
50,1
116,1
30,1
14,1
127,1
146,1
131,1
75,1
42,1
6,1
140,1
66,1
137,1
89,1
126,1
94,1
21,1
89,1
120,1
103,1
3,1
5,1
66,1
133,1
58,1
31,1
68,1
110,1
147,1
150,1
93,1
58,1
56,1
85,1
138,1
50,1
66,1
6,1
53,1
74,1
133,1
115,1
133,1
57,1
59,1
66,1
54,1
90,1
16,1
140,1
142,1
133,1
112,1
122,1
18,1
94,1
85,1
97,1
133,1
107,1
127,1
133,1
133,1
17,1
115,1
6,1
43,1
75,1
66,1
134,1
139,1
82,1
141,1
94,1
142,1
10,1
6,1
123,1
133,1
44,1
46,1
147,1
143,1
90,1
133,1
13,1
45,1
4,1
134,1
142,1
145,1
139,1
111,1
16,1
10,1
117,1
32,1
63,1
37,1
37,1
7,1
61,1
97,1
135,1
135,1
145,1
24,1
88,1
105,1
14,1
37,1
94,1
151,1
70,1
66,1
145,1
111,1
24,1
65,1
24,1
62,1
89,1
105,1
58,1
133,1
59,1
17,1
16,1
129,1
2,1
119,1
6,1
28,1
78,1
106,1
30,1
137,1
141,1
133,1
47,1
108,1
7,1
148,1
87,1
2,1
1,1
69,1
142,1
42,1
133,1
51,1
142,1
133,1
71,1
90,1
0,1
32,1
53,1
86,1
112,1
139,1
69,1
54,1
112,1
76,1
86,1
88,1
150,1
73,1
41,1
149,1
149,1
102,1
35,1
39,1
99,1
11,1
7,1
35,1
2,1
47,1
131,1
133,1
97,1
66,1
31,1
54,1
9,1
69,1
122,1
112,1
136,1
85,1
116,1
92,1
34,1
88,1
112,1
104,1
82,1
66,1
133,1
89,1
16,1
12,1
15,1
123,1
28,1
77,1
80,1
30,1
73,1
54,1
140,1
85,1
133,1
117,1
139,1
128,1
142,1
99,1
42,1
109,1
68,1
7,1
133,1
122,1
137,1
114,1
42,1
149,1
74,1
114,1
117,1
6,1
40,1
142,1
24,1
123,1
127,1
106,1
7,1
6,1
47,1
122,1
100,1
67,1
128,1
88,1
7,1
79,1
6,1
25,1
43,1
43,1
130,1
79,1
70,1
4,1
111,1
7,1
126,1
77,1
84,1
97,1
60,1
4,1
82,1
115,1
88,1
127,1
66,1
57,1
4,1
66,1
63,1
4,1
30,1
101,1
77,1
143,1
65,1
23,1
92,1
43,1
72,1
13,1
41,1
78,1
47,1
72,1
89,1
47,1
58,1
84,1
141,1
123,1
145,1
34,1
103,1
85,1
40,1
9,1
122,1
32,1
29,1
67,1
36,1
90,1
95,1
133,1
54,1
34,1
94,1
72,1
142,1
110,1
150,1
146,1
117,1
79,1
17,1
39,1
23,1
20,1
142,1
41,1
18,1
89,1
132,1
45,1
123,1
128,1
143,1
122,1
54,1
85,1
69,1
6,1
56,1
29,1
133,1
115,1
35,1
4,1
5,1
144,1
149,1
133,1
130,1
54,1
70,1
133,1
93,1
149,1
67,1
45,1
2,1
135,1
101,1
6,1
36,1
10,1
134,1
54,1
81,1
145,1
95,1
119,1
7,1
153,1
5,1
117,1
27,1
36,1
107,1
67,1
59,1
133,1
119,1
116,1
133,1
72,1
133,1
85,1
1,1
142,1
19,1
115,1
39,1
142,1
27,1
149,1
132,1
6,1
133,1
64,1
102,1
4,1
79,1
59,1
92,1
91,1
88,1
142,1
134,1
102,1
134,1
128,1
10,1
139,1
152,1
119,1
109,1
103,1
126,1
101,1
132,1
63,1
20,1
123,1
54,1
105,1
64,1
42,1
151,1
89,1
150,1
82,1
14,1
55,1
6,1
12,1
18,1
142,1
12,1
130,1
104,1
23,1
13,1
67,1
76,1
13,1
57,1
133,1
50,1
109,1
117,1
123,1
12,1
44,1
150,1
3,1
13,1
44,1
76,1
31,1
148,1
67,1
7,1
47,1
115,1
128,1
33,1
94,1
48,1
108,1
78,1
19,1
123,1
60,1
47,1
6,1
126,1
8,1
102,1
77,1
27,1
54,1
108,1
25,1
67,1
4,1
77,1
88,1
102,1
120,1
127,1
150,1
134,1
42,1
17,1
25,1
28,1
115,1
127,1
52,1
79,1
22,1
5,1
123,1
133,1
25,1
107,1
128,1
62,1
121,1
63,1
127,1
130,1
30,1
142,1
28,1
133,1
19,1
89,1
133,1
49,1
106,1
61,1
102,1
133,1
133,1
8,1
84,1
36,1
64,1
20,1
108,1
100,1
105,1
119,1
98,1
73,1
3,1
148,1
38,1
128,1
95,1
42,1
23,1
100,1
142,1
45,1
111,1
24,1
52,1
22,1
34,1
61,1
128,1
115,1
133,1
46,1
65,1
73,1
73,1
127,1
127,1
128,1
119,1
60,1
37,1
11,1
123,1
112,1
66,1
54,1
102,1
97,1
107,1
73,1
17,1
130,1
32,1
103,1
94,1
127,1
43,1
22,1
88,1
24,1
133,1
15,1
54,1
1,1
122,1
11,1
15,1
31,1
105,1
38,1
65,1
138,1
146,1
108,1
127,1
94,1
71,1
128,1
25,1
76,1
140,1
69,1
146,1
19,1
85,1
69,1
66,1
123,1
111,1
60,1
1,1
39,1
118,1
35,1
143,1
99,1
65,1
93,1
102,1
107,1
6,1
25,1
120,1
18,1
65,1
31,1
124,1
12,1
117,1
130,1
50,1
86,1
138,1
56,1
9,1
117,1
13,1
33,1
90,1
146,1
133,1
145,1
139,1
132,1
67,1
85,1
7,1
150,1
44,1
139,1
133,1
135,1
15,1
54,1
18,1
8,1
111,1
12,1
18,1
63,1
106,1
4,1
119,1
98,1
142,1
133,1
18,1
49,1
100,1
36,1
70,1
46,1
87,1
7,1
150,1
39,1
72,1
19,1
110,1
131,1
11,1
37,1
45,1
1,1
18,1
123,1
76,1
53,1
42,1
133,1
5,1
120,1
109,1
102,1
88,1
36,1
133,1
133,1
129,1
137,1
110,1
50,1
145,1
47,1
123,1
95,1
129,1
4,1
64,1
30,1
45,1
133,1
120,1
91,1
45,1
60,1
47,1
59,1
85,1
128,1
34,1
141,1
134,1
127,1
25,1
127,1
150,1
121,1
133,1
128,1
67,1
57,1
137,1
46,1
142,1
85,1
128,1
134,1
89,1
4,1
36,1
50,1
72,1
86,1
134,1
68,1
14,1
141,1
131,1
97,1
69,1
17,1
43,1
114,1
14,1
126,1
134,1
122,1
36,1
71,1
74,1
112,1
141,1
40,1
18,1
25,1
129,1
128,1
33,1
15,1
115,1
16,1
35,1
49,1
25,1
29,1
95,1
47,1
8,1
1,1
25,1
7,1
122,1
65,1
27,1
67,1
109,1
142,1
57,1
33,1
30,1
87,1
137,1
72,1
119,1
133,1
105,1
62,1
74,1
30,1
81,1
12,1
28,1
26,1
116,1
125,1
133,1
116,1
148,1
79,1
5,1
145,1
5,1
23,1
89,1
30,1
131,1
32,1
150,1
135,1
133,1
95,1
17,1
78,1
112,1
80,1
25,1
31,1
114,1
141,1
29,1
109,1
142,1
135,1
18,1
47,1
57,1
150,1
101,1
147,1
124,1
90,1
69,1
128,1
68,1
96,1
47,1
84,1
61,1
35,1
19,1
56,1
115,1
105,1
47,1
142,1
40,1
18,1
80,1
133,1
91,1
32,1
29,1
11,1
148,1
121,1
137,1
145,1
114,1
21,1
141,1
9,1
92,1
86,1
142,1
86,1
119,1
150,1
61,1
47,1
109,1
33,1
133,1
68,1
125,1
25,1
106,1
127,1
137,1
16,1
71,1
2,1
128,1
25,1
93,1
127,1
69,1
8,1
6,1
60,1
116,1
64,1
92,1
71,1
3,1
53,1
91,1
64,1
137,1
96,1
0,1
64,1
133,1
102,1
122,1
128,1
39,1
21,1
29,1
104,1
23,1
68,1
26,1
77,1
108,1
64,1
7,1
114,1
54,1
57,1
2,1
7,1
30,1
137,1
13,1
26,1
0,1
39,1
142,1
106,1
4,1
34,1
133,1
131,1
39,1
91,1
133,1
20,1
97,1
91,1
54,1
151,1
126,1
142,1
97,1
119,1
19,1
100,1
73,1
134,1
47,1
26,1
47,1
133,1
73,1
132,1
97,1
70,1
87,1
142,1
57,1
117,1
61,1
150,1
62,1
150,1
99,1
104,1
59,1
75,1
89,1
30,1
6,1
25,1
133,1
148,1
109,1
111,1
128,1
5,1
27,1
151,1
74,1
70,1
146,1
31,1
73,1
58,1
115,1
2,1
39,1
30,1
7,1
104,1
111,1
42,1
97,1
137,1
108,1
15,1
6,1
20,1
45,1
79,1
23,1
7,1
79,1
18,1
137,1
123,1
80,1
105,1
20,1
150,1
86,1
40,1
105,1
110,1
101,1
12,1
86,1
60,1
43,1
12,1
123,1
73,1
9,1
26,1
35,1
101,1
14,1
145,1
135,1
104,1
1,1
133,1
22,1
54,1
77,1
115,1
90,1
105,1
27,1
14,1
47,1
4,1
72,1
102,1
148,1
59,1
143,1
16,1
40,1
21,1
143,1
36,1
84,1
12,1
139,1
135,1
143,1
106,1
4,1
87,1
90,1
105,1
109,1
104,1
132,1
142,1
44,1
46,1
119,1
101,1
11,1
102,1
12,1
1,1
49,1
9,1
100,1
150,1
44,1
44,1
104,1
77,1
151,1
0,1
66,1
4,1
100,1
8,1
70,1
90,1
120,1
146,1
101,1
134,1
24,1
117,1
110,1
128,1
71,1
18,1
28,1
6,1
79,1
54,1
127,1
111,1
137,1
143,1
93,1
35,1
115,1
45,1
95,1
11,1
137,1
3,1
130,1
20,1
45,1
133,1
127,1
129,1
126,1
106,1
11,1
115,1
124,1
67,1
34,1
100,1
98,1
64,1
132,1
9,1
30,1
116,1
149,1
57,1
113,1
60,1
110,1
4,1
61,1
58,1
27,1
125,1
6,1
4,1
128,1
47,1
138,1
73,1
117,1
129,1
30,1
33,1
66,1
135,1
29,1
58,1
36,1
117,1
54,1
29,1
151,1
24,1
23,1
1,1
63,1
13,1
89,1
111,1
79,1
106,1
106,1
110,1
82,1
47,1
49,1
3,1
70,1
128,1
65,1
134,1
68,1
2,1
127,1
120,1
88,1
142,1
88,1
133,1
111,1
47,1
124,1
103,1
20,1
62,1
27,1
66,1
68,1
84,1
38,1
118,1
94,1
28,1
73,1
27,1
110,1
10,1
150,1
59,1
86,1
97,1
62,1
106,1
77,1
150,1
12,1
123,1
109,1
63,1
46,1
53,1
128,1
20,1
1,1
28,1
146,1
71,1
92,1
128,1
142,1
99,1
134,1
133,1
12,1
93,1
6,1
12,1
103,1
115,1
126,1
128,1
114,1
87,1
84,1
49,1
119,1
28,1
24,1
151,1
128,1
148,1
107,1
135,1
2,1
110,1
39,1
152,1
12,1
137,1
140,1
69,1
142,1
20,1
47,1
67,1
12,1
43,1
150,1
121,1
25,1
143,1
87,1
101,1
83,1
120,1
82,1
68,1
149,1
108,1
137,1
110,1
117,1
56,1
141,1
54,1
133,1
111,1
117,1
115,1
31,1
39,1
35,1
133,1
96,1
5,1
149,1
74,1
94,1
50,1
55,1
26,1
91,1
8,1
142,1
97,1
112,1
62,1
70,1
145,1
86,1
49,1
18,1
87,1
56,1
109,1
92,1
30,1
56,1
133,1
42,1
23,1
89,1
150,1
46,1
130,1
82,1
115,1
12,1
33,1
42,1
31,1
151,1
79,1
16,1
146,1
9,1
142,1
66,1
8,1
68,1
80,1
46,1
71,1
29,1
35,1
99,1
33,1
121,1
122,1
48,1
5,1
133,1
86,1
83,1
123,1
56,1
102,1
115,1
25,1
120,1
26,1
11,1
17,1
132,1
132,1
84,1
135,1
104,1
141,1
149,1
106,1
48,1
6,1
29,1
26,1
54,1
115,1
139,1
69,1
90,1
133,1
137,1
133,1
24,1
67,1
9,1
45,1
30,1
123,1
19,1
142,1
50,1
113,1
142,1
29,1
51,1
127,1
31,1
129,1
74,1
135,1
150,1
95,1
117,1
138,1
5,1
92,1
4,1
27,1
140,1
56,1
1,1
60,1
124,1
134,1
31,1
129,1
129,1
133,1
93,1
65,1
54,1
134,1
102,1
73,1
3,1
64,1
15,1
133,1
9,1
133,1
85,1
128,1
133,1
31,1
35,1
35,1
99,1
14,1
18,1
134,1
16,1
47,1
88,1
107,1
119,1
146,1
133,1
95,1
127,1
53,1
21,1
14,1
117,1
123,1
115,1
57,1
128,1
56,1
75,1
111,1
35,1
89,1
20,1
36,1
85,1
37,1
42,1
133,1
38,1
141,1
141,1
42,1
125,1
106,1
149,1
140,1
131,1
27,1
3,1
91,1
132,1
47,1
52,1
92,1
116,1
1,1
76,1
46,1
29,1
87,1
78,1
45,1
48,1
71,1
144,1
133,1
92,1
82,1
104,1
46,1
88,1
123,1
133,1
129,1
0,1
2,1
29,1
37,1
17,1
30,1
128,1
114,1
108,1
151,1
127,1
31,1
60,1
133,1
12,1
129,1
146,1
129,1
133,1
75,1
1,1
133,1
45,1
25,1
119,1
130,1
127,1
7,1
128,1
71,1
65,1
78,1
46,1
25,1
87,1
134,1
90,1
51,1
105,1
73,1
2,1
16,1
144,1
85,1
114,1
94,1
66,1
68,1
47,1
67,1
133,1
69,1
124,1
115,1
20,1
10,1
102,1
30,1
73,1
3,1
84,1
135,1
132,1
39,1
47,1
150,1
105,1
70,1
124,1
142,1
122,1
93,1
47,1
141,1
7,1
31,1
138,1
14,1
97,1
49,1
12,1
79,1
61,1
120,1
107,1
54,1
72,1
128,1
24,1
48,1
60,1
69,1
5,1
46,1
45,1
52,1
101,1
71,1
26,1
71,1
48,1
52,1
118,1
122,1
63,1
14,1
5,1
102,1
57,1
145,1
145,1
129,1
97,1
88,1
5,1
122,1
36,1
46,1
9,1
133,1
25,1
42,1
48,1
47,1
149,1
6,1
141,1
63,1
150,1
128,1
64,1
101,1
1,1
93,1
73,1
62,1
38,1
13,1
131,1
45,1
47,1
105,1
150,1
97,1
127,1
127,1
134,1
85,1
9,1
57,1
127,1
117,1
120,1
63,1
95,1
32,1
118,1
113,1
128,1
142,1
47,1
38,1
86,1
46,1
88,1
86,1
33,1
133,1
149,1
41,1
76,1
47,1
130,1
133,1
37,1
49,1
130,1
24,1
93,1
21,1
73,1
145,1
134,1
23,1
94,1
23,1
86,1
5,1
133,1
123,1
6,1
134,1
18,1
25,1
64,1
12,1
133,1
46,1
2,1
47,1
43,1
56,1
108,1
117,1
139,1
133,1
31,1
135,1
93,1
23,1
112,1
32,1
117,1
123,1
93,1
135,1
30,1
121,1
68,1
12,1
42,1
62,1
46,1
70,1
99,1
94,1
20,1
27,1
20,1
110,1
130,1
60,1
117,1
56,1
137,1
51,1
58,1
57,1
44,1
133,1
34,1
133,1
89,1
143,1
46,1
54,1
73,1
3,1
123,1
7,1
131,1
124,1
65,1
93,1
142,1
122,1
22,1
128,1
111,1
129,1
122,1
93,1
109,1
25,1
6,1
79,1
4,1
95,1
13,1
73,1
128,1
143,1
59,1
107,1
0,1
44,1
66,1
8,1
7,1
86,1
151,1
56,1
143,1
148,1
39,1
109,1
51,1
109,1
43,1
140,1
121,1
86,1
54,1
117,1
86,1
28,1
133,1
84,1
44,1
104,1
153,1
122,1
48,1
113,1
6,1
55,1
23,1
133,1
149,1
54,1
111,1
63,1
145,1
137,1
33,1
132,1
137,1
128,1
66,1
50,1
139,1
71,1
134,1
109,1
24,1
111,1
68,1
53,1
54,1
129,1
31,1
5,1
133,1
69,1
20,1
3,1
79,1
106,1
34,1
53,1
106,1
47,1
95,1
7,1
46,1
121,1
82,1
46,1
142,1
119,1
78,1
54,1
42,1
25,1
133,1
78,1
117,1
73,1
46,1
131,1
118,1
7,1
144,1
130,1
150,1
43,1
76,1
37,1
103,1
93,1
118,1
46,1
110,1
133,1
127,1
146,1
58,1
100,1
9,1
11,1
16,1
149,1
27,1
12,1
122,1
122,1
43,1
127,1
111,1
75,1
28,1
9,1
139,1
146,1
111,1
133,1
39,1
133,1
145,1
20,1
52,1
40,1
24,1
66,1
117,1
46,1
100,1
142,1
118,1
36,1
142,1
80,1
22,1
133,1
68,1
46,1
41,1
108,1
116,1
57,1
56,1
42,1
6,1
117,1
113,1
77,1
148,1
101,1
9,1
12,1
23,1
120,1
123,1
108,1
82,1
55,1
85,1
142,1
118,1
104,1
42,1
64,1
72,1
33,1
133,1
132,1
129,1
133,1
68,1
133,1
120,1
100,1
130,1
42,1
150,1
12,1
88,1
12,1
136,1
144,1
66,1
85,1
136,1
33,1
42,1
66,1
35,1
142,1
1,1
98,1
26,1
76,1
0,1
10,1
54,1
58,1
51,1
123,1
109,1
29,1
46,1
32,1
37,1
54,1
29,1
66,1
133,1
133,1
146,1
142,1
129,1
59,1
111,1
27,1
107,1
143,1
62,1
141,1
47,1
128,1
4,1
149,1
4,1
134,1
4,1
71,1
135,1
131,1
74,1
48,1
42,1
74,1
134,1
83,1
27,1
12,1
19,1
81,1
21,1
2,1
107,1
82,1
145,1
140,1
88,1
12,1
133,1
37,1
14,1
69,1
4,1
5,1
104,1
64,1
16,1
125,1
5,1
57,1
12,1
98,1
11,1
39,1
87,1
42,1
111,1
68,1
140,1
76,1
131,1
114,1
111,1
108,1
108,1
36,1
99,1
54,1
53,1
113,1
115,1
107,1
117,1
128,1
75,1
133,1
113,1
127,1
121,1
16,1
115,1
24,1
97,1
142,1
135,1
137,1
142,1
12,1
50,1
135,1
34,1
104,1
110,1
122,1
127,1
152,1
126,1
2,1
57,1
88,1
86,1
33,1
129,1
146,1
140,1
31,1
146,1
44,1
53,1
67,1
146,1
36,1
133,1
148,1
118,1
20,1
45,1
104,1
78,1
128,1
112,1
127,1
20,1
97,1
95,1
37,1
139,1
6,1
128,1
128,1
29,1
107,1
57,1
120,1
64,1
42,1
85,1
26,1
79,1
15,1
11,1
135,1
133,1
76,1
151,1
71,1
33,1
7,1
60,1
6,1
67,1
142,1
123,1
47,1
62,1
42,1
103,1
140,1
48,1
134,1
94,1
0,1
33,1
47,1
154,1
33,1
133,1
12,1
48,1
67,1
9,1
37,1
54,1
18,1
23,1
33,1
103,1
32,1
102,1
51,1
139,1
143,1
113,1
52,1
78,1
78,1
127,1
23,1
146,1
95,1
78,1
135,1
117,1
2,1
47,1
88,1
3,1
42,1
72,1
23,1
44,1
18,1
137,1
133,1
127,1
74,1
16,1
146,1
123,1
107,1
82,1
128,1
34,1
50,1
101,1
74,1
133,1
108,1
106,1
90,1
27,1
130,1
6,1
93,1
100,1
71,1
9,1
18,1
15,1
135,1
131,1
0,1
14,1
46,1
92,1
97,1
142,1
40,1
89,1
19,1
59,1
95,1
70,1
136,1
133,1
51,1
133,1
72,1
20,1
146,1
0,1
73,1
55,1
81,1
11,1
131,1
77,1
133,1
56,1
32,1
30,1
127,1
126,1
28,1
17,1
100,1
114,1
47,1
46,1
105,1
99,1
83,1
89,1
120,1
6,1
62,1
20,1
94,1
102,1
133,1
57,1
72,1
5,1
150,1
119,1
33,1
93,1
132,1
123,1
14,1
102,1
136,1
54,1
34,1
94,1
58,1
119,1
76,1
117,1
76,1
9,1
133,1
126,1
98,1
70,1
69,1
31,1
48,1
116,1
88,1
12,1
47,1
35,1
12,1
67,1
0,1
31,1
78,1
47,1
142,1
63,1
31,1
39,1
47,1
105,1
143,1
133,1
111,1
74,1
117,1
110,1
131,1
77,1
47,1
0,1
101,1
133,1
63,1
71,1
82,1
130,1
141,1
123,1
50,1
151,1
117,1
77,1
151,1
128,1
79,1
99,1
102,1
6,1
75,1
57,1
142,1
86,1
19,1
118,1
98,1
26,1
20,1
122,1
79,1
61,1
42,1
143,1
47,1
150,1
78,1
140,1
71,1
130,1
72,1
116,1
134,1
75,1
9,1
82,1
50,1
111,1
133,1
127,1
69,1
12,1
31,1
59,1
91,1
128,1
88,1
95,1
12,1
79,1
48,1
32,1
66,1
82,1
127,1
39,1
32,1
10,1
3,1
59,1
69,1
58,1
97,1
7,1
117,1
47,1
45,1
16,1
79,1
124,1
152,1
0,1
142,1
123,1
12,1
64,1
133,1
85,1
144,1
41,1
46,1
2,1
133,1
154,1
35,1
48,1
12,1
53,1
24,1
138,1
132,1
148,1
46,1
53,1
76,1
133,1
134,1
101,1
90,1
127,1
117,1
53,1
71,1
68,1
64,1
6,1
78,1
20,1
6,1
12,1
91,1
4,1
92,1
40,1
40,1
145,1
38,1
80,1
137,1
127,1
12,1
23,1
20,1
57,1
30,1
41,1
57,1
116,1
2,1
96,1
128,1
72,1
38,1
142,1
44,1
28,1
54,1
102,1
88,1
84,1
36,1
5,1
96,1
128,1
128,1
109,1
119,1
24,1
61,1
90,1
119,1
69,1
33,1
111,1
130,1
35,1
43,1
26,1
130,1
137,1
81,1
16,1
102,1
44,1
57,1
133,1
58,1
38,1
108,1
17,1
127,1
21,1
28,1
106,1
13,1
74,1
133,1
115,1
12,1
69,1
56,1
34,1
135,1
103,1
24,1
143,1
118,1
4,1
9,1
133,1
21,1
126,1
122,1
119,1
61,1
86,1
68,1
85,1
108,1
73,1
28,1
86,1
123,1
12,1
68,1
72,1
93,1
46,1
27,1
141,1
133,1
67,1
40,1
138,1
37,1
126,1
103,1
128,1
18,1
1,1
47,1
113,1
76,1
130,1
56,1
37,1
123,1
112,1
105,1
133,1
140,1
54,1
92,1
78,1
45,1
85,1
20,1
9,1
135,1
118,1
117,1
148,1
49,1
11,1
46,1
34,1
143,1
57,1
46,1
32,1
139,1
120,1
80,1
132,1
138,1
92,1
39,1
133,1
12,1
92,1
5,1
88,1
36,1
35,1
18,1
12,1
33,1
45,1
149,1
63,1
23,1
12,1
142,1
138,1
122,1
54,1
5,1
31,1
40,1
71,1
29,1
20,1
72,1
104,1
72,1
42,1
3,1
118,1
120,1
128,1
20,1
110,1
132,1
76,1
34,1
132,1
38,1
14,1
0,1
142,1
119,1
45,1
142,1
71,1
128,1
33,1
4,1
131,1
46,1
142,1
110,1
9,1
67,1
73,1
88,1
72,1
56,1
150,1
57,1
98,1
126,1
48,1
12,1
20,1
29,1
31,1
14,1
149,1
1,1
6,1
128,1
133,1
99,1
13,1
31,1
45,1
4,1
51,1
70,1
138,1
88,1
19,1
110,1
138,1
53,1
133,1
132,1
109,1
119,1
4,1
1,1
1,1
128,1
68,1
67,1
54,1
71,1
128,1
88,1
128,1
151,1
111,1
67,1
60,1
118,1
92,1
68,1
111,1
64,1
30,1
146,1
47,1
59,1
126,1
128,1
35,1
133,1
31,1
142,1
102,1
133,1
0,1
11,1
46,1
128,1
67,1
55,1
64,1
22,1
23,1
123,1
101,1
136,1
7,1
28,1
150,1
142,1
47,1
143,1
136,1
144,1
128,1
110,1
129,1
30,1
127,1
93,1
142,1
66,1
0,1
44,1
99,1
8,1
7,1
57,1
122,1
144,1
140,1
82,1
101,1
44,1
108,1
27,1
62,1
22,1
39,1
49,1
128,1
110,1
41,1
54,1
19,1
141,1
100,1
140,1
47,1
133,1
59,1
21,1
150,1
36,1
121,1
133,1
150,1
56,1
1,1
62,1
58,1
47,1
33,1
113,1
39,1
44,1
107,1
68,1
18,1
66,1
65,1
96,1
47,1
110,1
72,1
52,1
35,1
20,1
20,1
124,1
36,1
123,1
114,1
8,1
97,1
31,1
4,1
115,1
54,1
85,1
86,1
130,1
129,1
99,1
144,1
56,1
97,1
38,1
61,1
45,1
44,1
60,1
108,1
128,1
129,1
149,1
15,1
30,1
133,1
103,1
25,1
31,1
106,1
113,1
30,1
127,1
23,1
40,1
46,1
133,1
29,1
0,1
20,1
133,1
69,1
104,1
90,1
126,1
132,1
104,1
133,1
137,1
145,1
44,1
93,1
34,1
73,1
101,1
130,1
117,1
23,1
36,1
58,1
97,1
131,1
142,1
135,1
29,1
60,1
117,1
13,1
132,1
0,1
59,1
124,1
78,1
106,1
103,1
149,1
67,1
107,1
66,1
133,1
142,1
84,1
20,1
116,1
117,1
38,1
94,1
108,1
114,1
25,1
117,1
122,1
107,1
8,1
151,1
117,1
148,1
54,1
128,1
3,1
112,1
64,1
110,1
119,1
133,1
28,1
111,1
20,1
76,1
32,1
89,1
22,1
85,1
116,1
32,1
93,1
108,1
49,1
139,1
12,1
151,1
138,1
135,1
106,1
105,1
12,1
9,1
81,1
6,1
93,1
49,1
124,1
90,1
47,1
123,1
142,1
133,1
42,1
11,1
37,1
63,1
122,1
114,1
76,1
110,1
58,1
31,1
75,1
133,1
137,1
57,1
117,1
150,1
83,1
77,1
42,1
43,1
23,1
29,1
132,1
26,1
133,1
94,1
30,1
134,1
67,1
99,1
1,1
121,1
98,1
46,1
102,1
150,1
25,1
45,1
31,1
35,1
49,1
23,1
102,1
2,1
126,1
12,1
12,1
50,1
35,1
55,1
128,1
28,1
144,1
98,1
103,1
119,1
64,1
8,1
99,1
124,1
150,1
88,1
106,1
121,1
14,1
65,1
3,1
148,1
18,1
13,1
116,1
117,1
20,1
68,1
54,1
13,1
88,1
4,1
106,1
87,1
6,1
9,1
85,1
143,1
134,1
142,1
47,1
32,1
115,1
137,1
43,1
122,1
140,1
50,1
130,1
68,1
72,1
69,1
94,1
100,1
117,1
2,1
97,1
53,1
141,1
25,1
16,1
22,1
133,1
21,1
120,1
69,1
12,1
60,1
129,1
23,1
128,1
36,1
4,1
85,1
100,1
41,1
115,1
56,1
103,1
89,1
16,1
28,1
11,1
92,1
86,1
149,1
89,1
129,1
62,1
20,1
41,1
66,1
133,1
29,1
99,1
146,1
138,1
126,1
142,1
26,1
47,1
12,1
118,1
133,1
108,1
146,1
53,1
130,1
69,1
117,1
133,1
128,1
5,1
133,1
131,1
114,1
51,1
72,1
11,1
120,1
54,1
131,1
22,1
150,1
144,1
142,1
94,1
56,1
78,1
150,1
7,1
150,1
127,1
133,1
23,1
69,1
46,1
117,1
111,1
144,1
130,1
12,1
133,1
56,1
130,1
36,1
50,1
147,1
54,1
97,1
46,1
121,1
148,1
18,1
4,1
30,1
25,1
95,1
126,1
101,1
35,1
44,1
33,1
71,1
142,1
66,1
33,1
128,1
46,1
15,1
119,1
85,1
124,1
16,1
65,1
108,1
46,1
133,1
33,1
24,1
71,1
72,1
127,1
92,1
12,1
23,1
131,1
108,1
107,1
62,1
106,1
148,1
140,1
76,1
5,1
127,1
