114,1
130,1
113,1
43,1
82,1
120,1
20,1
100,1
36,1
128,1
132,1
88,1
146,1
35,1
86,1
30,1
111,1
134,1
127,1
136,1
42,1
88,1
1,1
47,1
17,1
108,1
102,1
111,1
77,1
148,1
49,1
49,1
90,1
113,1
47,1
110,1
115,1
134,1
64,1
145,1
45,1
14,1
24,1
83,1
128,1
129,1
133,1
13,1
153,1
13,1
31,1
114,1
30,1
144,1
81,1
144,1
134,1
136,1
33,1
48,1
149,1
90,1
42,1
142,1
111,1
12,1
29,1
123,1
88,1
5,1
83,1
68,1
64,1
87,1
148,1
44,1
10,1
76,1
60,1
113,1
128,1
127,1
52,1
39,1
140,1
58,1
7,1
5,1
7,1
89,1
17,1
22,1
88,1
140,1
100,1
55,1
48,1
74,1
133,1
32,1
36,1
97,1
63,1
56,1
19,1
138,1
88,1
39,1
137,1
17,1
23,1
127,1
7,1
118,1
106,1
128,1
133,1
31,1
86,1
31,1
113,1
92,1
36,1
153,1
20,1
138,1
122,1
142,1
36,1
45,1
74,1
133,1
20,1
27,1
17,1
77,1
23,1
46,1
119,1
30,1
98,1
33,1
64,1
51,1
55,1
144,1
127,1
14,1
56,1
140,1
20,1
24,1
54,1
89,1
21,1
73,1
122,1
74,1
134,1
16,1
90,1
146,1
27,1
42,1
29,1
146,1
15,1
122,1
14,1
133,1
142,1
90,1
48,1
109,1
64,1
32,1
115,1
104,1
41,1
115,1
122,1
89,1
150,1
87,1
11,1
7,1
80,1
144,1
26,1
46,1
133,1
41,1
96,1
124,1
4,1
108,1
89,1
30,1
109,1
68,1
39,1
60,1
30,1
22,1
56,1
41,1
120,1
142,1
30,1
54,1
64,1
121,1
63,1
153,1
84,1
8,1
144,1
9,1
27,1
50,1
142,1
69,1
101,1
1,1
132,1
57,1
88,1
120,1
30,1
18,1
32,1
78,1
125,1
101,1
124,1
121,1
105,1
24,1
144,1
89,1
47,1
7,1
2,1
144,1
107,1
67,1
46,1
139,1
93,1
88,1
113,1
88,1
146,1
45,1
35,1
130,1
15,1
33,1
56,1
130,1
1,1
9,1
68,1
42,1
46,1
41,1
31,1
144,1
41,1
10,1
116,1
70,1
37,1
141,1
16,1
77,1
17,1
27,1
28,1
110,1
50,1
8,1
48,1
123,1
48,1
110,1
14,1
29,1
21,1
86,1
48,1
142,1
41,1
140,1
139,1
150,1
134,1
37,1
69,1
138,1
115,1
134,1
85,1
72,1
65,1
74,1
4,1
112,1
95,1
20,1
33,1
101,1
21,1
146,1
139,1
150,1
148,1
127,1
83,1
3,1
37,1
54,1
133,1
54,1
88,1
45,1
17,1
123,1
62,1
74,1
104,1
95,1
43,1
108,1
14,1
88,1
42,1
84,1
148,1
21,1
100,1
30,1
95,1
146,1
24,1
47,1
128,1
61,1
59,1
47,1
6,1
114,1
112,1
150,1
43,1
7,1
52,1
30,1
142,1
129,1
62,1
101,1
18,1
6,1
20,1
22,1
142,1
124,1
2,1
36,1
68,1
5,1
59,1
96,1
15,1
91,1
137,1
43,1
124,1
147,1
54,1
13,1
142,1
46,1
113,1
133,1
46,1
144,1
44,1
57,1
57,1
84,1
143,1
90,1
133,1
39,1
142,1
144,1
74,1
133,1
72,1
128,1
19,1
17,1
30,1
88,1
8,1
98,1
0,1
122,1
130,1
22,1
26,1
10,1
122,1
47,1
29,1
150,1
130,1
123,1
30,1
96,1
11,1
127,1
45,1
133,1
122,1
58,1
83,1
36,1
5,1
69,1
140,1
102,1
99,1
145,1
45,1
70,1
13,1
36,1
127,1
9,1
68,1
56,1
78,1
74,1
122,1
95,1
122,1
136,1
69,1
33,1
135,1
17,1
127,1
21,1
36,1
80,1
46,1
122,1
137,1
123,1
17,1
124,1
41,1
33,1
149,1
30,1
66,1
30,1
133,1
48,1
36,1
97,1
57,1
15,1
128,1
6,1
47,1
24,1
110,1
1,1
33,1
133,1
142,1
126,1
65,1
30,1
133,1
4,1
48,1
118,1
57,1
16,1
139,1
78,1
59,1
142,1
143,1
58,1
109,1
46,1
123,1
30,1
11,1
97,1
28,1
4,1
133,1
88,1
142,1
140,1
15,1
11,1
113,1
64,1
85,1
129,1
35,1
111,1
127,1
128,1
64,1
9,1
45,1
130,1
112,1
105,1
31,1
17,1
102,1
17,1
42,1
68,1
63,1
67,1
139,1
30,1
127,1
64,1
58,1
123,1
127,1
71,1
134,1
81,1
13,1
119,1
115,1
57,1
133,1
41,1
111,1
30,1
110,1
130,1
46,1
96,1
36,1
42,1
59,1
83,1
7,1
30,1
143,1
36,1
4,1
130,1
31,1
25,1
74,1
97,1
2,1
57,1
134,1
133,1
33,1
52,1
29,1
42,1
149,1
35,1
116,1
64,1
148,1
122,1
75,1
47,1
123,1
127,1
108,1
107,1
72,1
74,1
76,1
128,1
72,1
23,1
136,1
58,1
122,1
59,1
129,1
1,1
128,1
50,1
4,1
99,1
129,1
126,1
59,1
41,1
54,1
23,1
9,1
28,1
150,1
136,1
47,1
5,1
145,1
120,1
33,1
31,1
124,1
127,1
94,1
50,1
81,1
66,1
53,1
57,1
127,1
57,1
133,1
17,1
121,1
87,1
2,1
1,1
4,1
88,1
136,1
77,1
133,1
79,1
25,1
124,1
72,1
61,1
116,1
64,1
102,1
30,1
43,1
53,1
79,1
5,1
85,1
63,1
24,1
88,1
32,1
29,1
116,1
142,1
136,1
36,1
139,1
41,1
57,1
25,1
24,1
133,1
45,1
124,1
136,1
120,1
99,1
45,1
4,1
112,1
42,1
9,1
64,1
30,1
122,1
12,1
72,1
33,1
120,1
88,1
124,1
133,1
115,1
31,1
132,1
105,1
127,1
143,1
142,1
54,1
43,1
53,1
74,1
89,1
88,1
8,1
122,1
53,1
19,1
77,1
48,1
14,1
6,1
128,1
120,1
38,1
46,1
142,1
62,1
100,1
106,1
59,1
60,1
127,1
32,1
46,1
47,1
64,1
26,1
30,1
23,1
118,1
21,1
46,1
32,1
142,1
133,1
144,1
37,1
20,1
95,1
124,1
64,1
47,1
115,1
125,1
123,1
42,1
9,1
109,1
46,1
102,1
70,1
132,1
94,1
4,1
128,1
98,1
100,1
133,1
90,1
18,1
29,1
66,1
1,1
13,1
71,1
122,1
133,1
47,1
31,1
123,1
135,1
31,1
98,1
113,1
30,1
36,1
51,1
96,1
7,1
17,1
33,1
133,1
2,1
91,1
0,1
143,1
31,1
100,1
25,1
143,1
29,1
120,1
32,1
50,1
63,1
139,1
143,1
32,1
114,1
57,1
23,1
87,1
122,1
115,1
54,1
51,1
31,1
105,1
24,1
88,1
36,1
86,1
46,1
92,1
151,1
133,1
47,1
53,1
58,1
136,1
89,1
92,1
21,1
53,1
24,1
23,1
48,1
135,1
81,1
88,1
106,1
127,1
100,1
8,1
8,1
10,1
87,1
133,1
64,1
76,1
133,1
74,1
13,1
20,1
125,1
33,1
16,1
46,1
85,1
127,1
111,1
66,1
120,1
110,1
127,1
109,1
128,1
88,1
112,1
38,1
112,1
133,1
33,1
32,1
45,1
74,1
133,1
33,1
31,1
85,1
115,1
57,1
133,1
21,1
61,1
31,1
58,1
17,1
63,1
39,1
127,1
6,1
133,1
108,1
128,1
122,1
47,1
110,1
1,1
90,1
41,1
11,1
115,1
133,1
127,1
64,1
125,1
105,1
145,1
22,1
127,1
133,1
8,1
93,1
148,1
26,1
0,1
11,1
57,1
73,1
102,1
75,1
109,1
125,1
43,1
7,1
101,1
136,1
90,1
144,1
111,1
79,1
152,1
109,1
37,1
62,1
146,1
133,1
49,1
99,1
32,1
115,1
78,1
133,1
64,1
85,1
107,1
3,1
11,1
131,1
35,1
148,1
115,1
23,1
127,1
118,1
79,1
122,1
73,1
21,1
148,1
15,1
125,1
79,1
48,1
72,1
142,1
133,1
2,1
69,1
64,1
16,1
42,1
83,1
78,1
21,1
39,1
123,1
137,1
108,1
97,1
78,1
105,1
113,1
5,1
134,1
119,1
137,1
116,1
119,1
31,1
87,1
71,1
14,1
127,1
104,1
146,1
7,1
144,1
72,1
111,1
115,1
46,1
105,1
128,1
111,1
110,1
72,1
74,1
32,1
64,1
133,1
146,1
142,1
56,1
76,1
31,1
74,1
20,1
56,1
133,1
29,1
77,1
110,1
125,1
20,1
93,1
77,1
34,1
4,1
23,1
121,1
23,1
133,1
47,1
48,1
7,1
90,1
47,1
122,1
142,1
53,1
90,1
37,1
56,1
39,1
41,1
74,1
5,1
88,1
48,1
102,1
36,1
147,1
88,1
24,1
31,1
100,1
14,1
47,1
113,1
8,1
5,1
62,1
16,1
142,1
128,1
116,1
2,1
64,1
6,1
133,1
117,1
139,1
64,1
124,1
93,1
142,1
139,1
45,1
133,1
73,1
106,1
30,1
141,1
105,1
41,1
10,1
79,1
7,1
13,1
38,1
15,1
64,1
31,1
144,1
23,1
110,1
24,1
80,1
112,1
108,1
39,1
104,1
91,1
58,1
57,1
122,1
122,1
50,1
115,1
17,1
14,1
142,1
146,1
131,1
88,1
64,1
36,1
140,1
66,1
136,1
134,1
126,1
133,1
21,1
89,1
120,1
103,1
3,1
5,1
66,1
133,1
58,1
60,1
41,1
110,1
57,1
68,1
95,1
57,1
56,1
85,1
136,1
50,1
22,1
54,1
53,1
132,1
88,1
136,1
133,1
47,1
59,1
30,1
3,1
90,1
14,1
140,1
128,1
133,1
112,1
123,1
150,1
94,1
134,1
146,1
88,1
99,1
127,1
133,1
133,1
3,1
39,1
46,1
43,1
85,1
149,1
134,1
139,1
82,1
66,1
92,1
142,1
9,1
122,1
122,1
89,1
44,1
46,1
147,1
143,1
86,1
133,1
144,1
45,1
29,1
135,1
47,1
30,1
139,1
99,1
16,1
27,1
105,1
32,1
63,1
2,1
120,1
100,1
61,1
97,1
135,1
134,1
35,1
24,1
88,1
105,1
14,1
37,1
94,1
71,1
70,1
23,1
14,1
72,1
24,1
122,1
2,1
70,1
148,1
99,1
137,1
88,1
17,1
140,1
16,1
129,1
67,1
119,1
46,1
48,1
78,1
106,1
30,1
136,1
46,1
133,1
142,1
108,1
7,1
81,1
90,1
2,1
9,1
69,1
57,1
42,1
133,1
51,1
142,1
133,1
71,1
90,1
1,1
141,1
124,1
76,1
119,1
139,1
43,1
49,1
112,1
76,1
79,1
88,1
33,1
142,1
41,1
149,1
149,1
108,1
35,1
39,1
99,1
6,1
29,1
30,1
2,1
47,1
87,1
133,1
97,1
66,1
41,1
53,1
9,1
69,1
122,1
112,1
136,1
85,1
11,1
92,1
34,1
88,1
112,1
104,1
82,1
56,1
133,1
89,1
16,1
99,1
15,1
123,1
28,1
77,1
83,1
121,1
142,1
35,1
140,1
85,1
88,1
117,1
150,1
46,1
88,1
99,1
42,1
30,1
138,1
7,1
88,1
122,1
128,1
114,1
42,1
140,1
74,1
114,1
117,1
6,1
24,1
142,1
24,1
128,1
127,1
106,1
7,1
46,1
48,1
128,1
100,1
144,1
66,1
88,1
7,1
89,1
29,1
63,1
43,1
118,1
130,1
130,1
15,1
4,1
111,1
29,1
126,1
77,1
84,1
97,1
61,1
4,1
74,1
115,1
142,1
127,1
66,1
57,1
4,1
66,1
128,1
4,1
103,1
112,1
77,1
143,1
15,1
23,1
148,1
43,1
72,1
64,1
38,1
146,1
142,1
72,1
94,1
14,1
58,1
146,1
0,1
133,1
145,1
144,1
103,1
85,1
118,1
9,1
128,1
32,1
121,1
140,1
57,1
84,1
146,1
133,1
54,1
15,1
94,1
3,1
142,1
110,1
57,1
90,1
39,1
76,1
13,1
39,1
39,1
56,1
142,1
150,1
47,1
94,1
146,1
66,1
46,1
128,1
114,1
124,1
54,1
85,1
3,1
30,1
127,1
4,1
133,1
72,1
35,1
4,1
103,1
144,1
30,1
133,1
81,1
88,1
70,1
133,1
93,1
129,1
67,1
45,1
19,1
135,1
139,1
6,1
64,1
142,1
134,1
54,1
85,1
14,1
95,1
100,1
7,1
12,1
5,1
37,1
27,1
36,1
107,1
20,1
59,1
74,1
105,1
115,1
133,1
72,1
133,1
88,1
0,1
71,1
117,1
116,1
39,1
71,1
27,1
140,1
86,1
6,1
88,1
64,1
42,1
49,1
79,1
22,1
92,1
91,1
88,1
122,1
134,1
108,1
134,1
128,1
9,1
139,1
152,1
112,1
109,1
103,1
101,1
139,1
133,1
46,1
56,1
142,1
18,1
55,1
64,1
42,1
137,1
133,1
47,1
82,1
14,1
111,1
57,1
12,1
36,1
142,1
12,1
130,1
112,1
44,1
13,1
24,1
88,1
13,1
48,1
133,1
50,1
109,1
117,1
133,1
100,1
44,1
150,1
72,1
46,1
44,1
83,1
27,1
148,1
67,1
7,1
133,1
115,1
28,1
33,1
134,1
48,1
108,1
78,1
117,1
127,1
60,1
47,1
6,1
126,1
8,1
42,1
77,1
57,1
54,1
108,1
32,1
24,1
4,1
77,1
133,1
102,1
120,1
57,1
31,1
134,1
42,1
17,1
48,1
28,1
5,1
127,1
53,1
74,1
25,1
17,1
133,1
133,1
25,1
99,1
128,1
41,1
50,1
63,1
127,1
81,1
30,1
142,1
126,1
133,1
19,1
89,1
133,1
33,1
105,1
152,1
102,1
133,1
142,1
42,1
84,1
36,1
64,1
66,1
108,1
59,1
105,1
119,1
98,1
143,1
63,1
74,1
64,1
128,1
95,1
58,1
23,1
115,1
104,1
45,1
111,1
13,1
52,1
59,1
34,1
60,1
128,1
115,1
88,1
72,1
70,1
73,1
73,1
127,1
127,1
128,1
119,1
60,1
37,1
14,1
124,1
112,1
126,1
100,1
0,1
97,1
107,1
111,1
17,1
95,1
72,1
103,1
89,1
130,1
16,1
23,1
75,1
24,1
133,1
15,1
5,1
1,1
124,1
11,1
62,1
31,1
99,1
68,1
65,1
43,1
86,1
108,1
127,1
94,1
71,1
124,1
127,1
90,1
140,1
104,1
146,1
118,1
85,1
65,1
66,1
88,1
111,1
59,1
1,1
39,1
118,1
35,1
111,1
99,1
15,1
93,1
126,1
111,1
46,1
25,1
120,1
18,1
45,1
31,1
124,1
143,1
70,1
95,1
50,1
86,1
138,1
56,1
9,1
31,1
14,1
47,1
90,1
146,1
88,1
122,1
139,1
130,1
41,1
95,1
7,1
47,1
44,1
17,1
133,1
148,1
15,1
4,1
18,1
33,1
111,1
144,1
18,1
47,1
143,1
4,1
120,1
98,1
126,1
133,1
18,1
30,1
100,1
36,1
70,1
46,1
87,1
7,1
150,1
39,1
72,1
19,1
55,1
131,1
68,1
16,1
45,1
2,1
18,1
20,1
76,1
124,1
42,1
133,1
17,1
105,1
48,1
102,1
88,1
127,1
133,1
133,1
43,1
137,1
57,1
50,1
145,1
47,1
133,1
95,1
129,1
52,1
64,1
30,1
45,1
88,1
120,1
91,1
45,1
59,1
47,1
59,1
85,1
17,1
18,1
128,1
135,1
127,1
48,1
127,1
41,1
21,1
48,1
136,1
37,1
57,1
126,1
56,1
128,1
94,1
122,1
134,1
89,1
4,1
36,1
50,1
72,1
95,1
74,1
68,1
14,1
141,1
87,1
134,1
70,1
17,1
24,1
143,1
14,1
28,1
134,1
122,1
36,1
50,1
74,1
112,1
122,1
37,1
18,1
27,1
43,1
137,1
33,1
13,1
116,1
31,1
30,1
52,1
25,1
50,1
88,1
57,1
48,1
35,1
25,1
7,1
122,1
65,1
27,1
24,1
59,1
142,1
112,1
47,1
30,1
95,1
137,1
72,1
104,1
133,1
105,1
62,1
74,1
123,1
77,1
12,1
33,1
26,1
34,1
125,1
88,1
17,1
133,1
79,1
103,1
5,1
4,1
23,1
94,1
30,1
131,1
57,1
43,1
83,1
88,1
95,1
143,1
146,1
30,1
80,1
27,1
31,1
114,1
66,1
66,1
43,1
34,1
135,1
18,1
142,1
57,1
62,1
101,1
57,1
20,1
74,1
21,1
138,1
68,1
96,1
47,1
88,1
61,1
16,1
117,1
56,1
31,1
105,1
4,1
35,1
40,1
18,1
80,1
48,1
91,1
142,1
29,1
11,1
82,1
121,1
20,1
142,1
114,1
21,1
123,1
44,1
84,1
95,1
47,1
85,1
99,1
125,1
20,1
47,1
22,1
41,1
133,1
57,1
1,1
9,1
106,1
128,1
137,1
16,1
71,1
122,1
128,1
45,1
93,1
127,1
26,1
42,1
8,1
60,1
69,1
64,1
134,1
71,1
30,1
124,1
91,1
141,1
142,1
96,1
18,1
64,1
135,1
102,1
122,1
29,1
39,1
23,1
29,1
57,1
23,1
68,1
26,1
77,1
108,1
62,1
4,1
99,1
6,1
57,1
2,1
7,1
30,1
128,1
14,1
117,1
0,1
116,1
142,1
30,1
4,1
34,1
133,1
95,1
39,1
91,1
133,1
63,1
133,1
91,1
54,1
151,1
126,1
30,1
97,1
119,1
112,1
100,1
113,1
94,1
47,1
26,1
47,1
88,1
73,1
133,1
81,1
70,1
87,1
31,1
57,1
117,1
61,1
142,1
31,1
24,1
99,1
104,1
58,1
75,1
94,1
32,1
127,1
28,1
133,1
148,1
109,1
111,1
136,1
17,1
26,1
12,1
77,1
37,1
146,1
64,1
149,1
58,1
116,1
2,1
39,1
30,1
7,1
104,1
31,1
127,1
133,1
128,1
22,1
144,1
57,1
56,1
0,1
74,1
23,1
46,1
74,1
8,1
127,1
128,1
133,1
105,1
60,1
150,1
86,1
37,1
19,1
55,1
139,1
42,1
98,1
72,1
43,1
12,1
122,1
73,1
126,1
26,1
57,1
101,1
14,1
145,1
135,1
104,1
1,1
133,1
22,1
113,1
77,1
116,1
14,1
113,1
27,1
14,1
129,1
151,1
17,1
102,1
148,1
59,1
116,1
16,1
24,1
21,1
143,1
36,1
146,1
11,1
23,1
134,1
143,1
56,1
46,1
87,1
74,1
105,1
21,1
104,1
132,1
46,1
45,1
122,1
119,1
106,1
11,1
102,1
12,1
1,1
124,1
10,1
100,1
56,1
44,1
44,1
104,1
77,1
17,1
151,1
66,1
142,1
100,1
8,1
108,1
90,1
30,1
88,1
101,1
134,1
24,1
117,1
104,1
123,1
71,1
18,1
48,1
46,1
134,1
57,1
127,1
58,1
136,1
104,1
146,1
35,1
116,1
27,1
95,1
11,1
52,1
138,1
90,1
20,1
30,1
133,1
127,1
26,1
23,1
106,1
11,1
116,1
124,1
46,1
13,1
100,1
98,1
64,1
132,1
9,1
30,1
119,1
36,1
57,1
113,1
61,1
110,1
4,1
61,1
103,1
26,1
125,1
46,1
49,1
128,1
57,1
136,1
29,1
2,1
129,1
30,1
33,1
138,1
129,1
6,1
58,1
36,1
117,1
54,1
30,1
128,1
0,1
23,1
150,1
3,1
44,1
133,1
2,1
146,1
31,1
106,1
110,1
74,1
47,1
51,1
30,1
122,1
128,1
63,1
94,1
68,1
2,1
71,1
120,1
88,1
142,1
133,1
133,1
111,1
88,1
123,1
103,1
30,1
31,1
27,1
66,1
44,1
85,1
48,1
118,1
133,1
57,1
55,1
48,1
106,1
9,1
31,1
59,1
87,1
81,1
62,1
60,1
130,1
150,1
12,1
142,1
109,1
64,1
58,1
46,1
49,1
121,1
1,1
8,1
134,1
71,1
92,1
136,1
10,1
110,1
134,1
133,1
12,1
93,1
6,1
6,1
58,1
115,1
136,1
46,1
114,1
74,1
84,1
49,1
115,1
25,1
59,1
53,1
128,1
135,1
107,1
92,1
2,1
111,1
72,1
152,1
127,1
143,1
66,1
137,1
126,1
20,1
47,1
70,1
154,1
41,1
43,1
60,1
72,1
143,1
87,1
101,1
98,1
73,1
79,1
38,1
149,1
108,1
66,1
106,1
117,1
56,1
50,1
23,1
88,1
111,1
117,1
115,1
31,1
39,1
34,1
133,1
96,1
17,1
41,1
86,1
81,1
49,1
55,1
26,1
91,1
57,1
142,1
97,1
37,1
62,1
37,1
126,1
76,1
27,1
18,1
78,1
56,1
58,1
92,1
30,1
99,1
133,1
8,1
103,1
94,1
37,1
46,1
146,1
81,1
116,1
12,1
33,1
42,1
31,1
151,1
79,1
16,1
146,1
44,1
12,1
20,1
8,1
68,1
80,1
46,1
128,1
29,1
35,1
99,1
33,1
4,1
128,1
57,1
30,1
133,1
90,1
83,1
52,1
53,1
42,1
116,1
25,1
120,1
39,1
11,1
17,1
131,1
132,1
85,1
94,1
110,1
10,1
18,1
106,1
126,1
12,1
29,1
26,1
36,1
118,1
106,1
44,1
90,1
133,1
9,1
133,1
36,1
37,1
48,1
154,1
141,1
6,1
19,1
142,1
121,1
113,1
46,1
29,1
53,1
127,1
31,1
126,1
28,1
135,1
150,1
78,1
117,1
138,1
59,1
96,1
4,1
39,1
31,1
56,1
1,1
22,1
45,1
134,1
31,1
139,1
129,1
133,1
130,1
65,1
26,1
134,1
102,1
55,1
30,1
64,1
15,1
133,1
9,1
88,1
75,1
141,1
133,1
117,1
45,1
0,1
56,1
14,1
18,1
134,1
16,1
33,1
88,1
107,1
12,1
146,1
88,1
84,1
8,1
110,1
109,1
14,1
37,1
133,1
115,1
57,1
46,1
56,1
75,1
111,1
35,1
89,1
20,1
42,1
75,1
37,1
57,1
133,1
41,1
123,1
124,1
42,1
47,1
106,1
110,1
126,1
130,1
16,1
3,1
91,1
132,1
88,1
50,1
92,1
116,1
1,1
76,1
23,1
50,1
98,1
78,1
45,1
48,1
50,1
144,1
133,1
92,1
82,1
104,1
114,1
89,1
126,1
79,1
129,1
37,1
2,1
60,1
37,1
41,1
30,1
128,1
114,1
65,1
122,1
128,1
31,1
60,1
133,1
0,1
129,1
134,1
140,1
133,1
75,1
1,1
142,1
45,1
48,1
117,1
130,1
46,1
6,1
124,1
72,1
65,1
148,1
123,1
25,1
78,1
134,1
90,1
50,1
57,1
73,1
2,1
16,1
47,1
85,1
114,1
128,1
30,1
68,1
142,1
62,1
133,1
69,1
124,1
30,1
64,1
9,1
102,1
103,1
143,1
21,1
148,1
134,1
132,1
39,1
47,1
112,1
105,1
70,1
124,1
88,1
123,1
93,1
47,1
66,1
7,1
31,1
138,1
35,1
133,1
49,1
12,1
90,1
61,1
120,1
107,1
122,1
44,1
128,1
24,1
48,1
60,1
68,1
5,1
127,1
70,1
121,1
101,1
66,1
26,1
29,1
8,1
51,1
19,1
128,1
63,1
8,1
17,1
102,1
57,1
143,1
145,1
72,1
133,1
79,1
5,1
122,1
36,1
46,1
9,1
133,1
10,1
48,1
48,1
47,1
149,1
141,1
100,1
46,1
142,1
122,1
46,1
113,1
1,1
135,1
33,1
24,1
38,1
13,1
131,1
45,1
47,1
105,1
47,1
148,1
54,1
44,1
134,1
85,1
9,1
57,1
142,1
117,1
120,1
64,1
82,1
32,1
118,1
113,1
123,1
128,1
88,1
38,1
91,1
64,1
88,1
75,1
33,1
133,1
115,1
40,1
76,1
47,1
130,1
133,1
37,1
48,1
95,1
24,1
131,1
21,1
99,1
0,1
134,1
103,1
97,1
13,1
95,1
17,1
88,1
122,1
66,1
94,1
18,1
48,1
64,1
57,1
88,1
142,1
144,1
88,1
38,1
127,1
108,1
117,1
57,1
133,1
31,1
148,1
91,1
23,1
112,1
27,1
117,1
133,1
93,1
135,1
30,1
3,1
68,1
147,1
42,1
62,1
151,1
70,1
99,1
94,1
20,1
27,1
20,1
110,1
146,1
31,1
117,1
56,1
136,1
17,1
57,1
57,1
44,1
133,1
35,1
133,1
133,1
106,1
21,1
4,1
99,1
3,1
133,1
7,1
131,1
35,1
65,1
146,1
46,1
122,1
17,1
128,1
70,1
19,1
123,1
134,1
109,1
48,1
53,1
79,1
4,1
130,1
13,1
110,1
45,1
143,1
30,1
107,1
0,1
42,1
23,1
8,1
100,1
95,1
109,1
116,1
110,1
83,1
117,1
13,1
51,1
69,1
43,1
149,1
121,1
74,1
124,1
117,1
75,1
28,1
133,1
85,1
44,1
104,1
129,1
122,1
48,1
113,1
6,1
110,1
17,1
88,1
5,1
54,1
111,1
60,1
41,1
137,1
33,1
132,1
121,1
150,1
66,1
62,1
66,1
128,1
134,1
103,1
24,1
111,1
38,1
53,1
52,1
142,1
0,1
17,1
88,1
40,1
20,1
21,1
75,1
106,1
144,1
53,1
142,1
47,1
95,1
7,1
122,1
121,1
74,1
25,1
142,1
119,1
78,1
54,1
47,1
10,1
47,1
78,1
129,1
111,1
17,1
86,1
118,1
7,1
47,1
134,1
28,1
140,1
76,1
37,1
103,1
93,1
5,1
9,1
104,1
88,1
145,1
79,1
58,1
30,1
9,1
46,1
16,1
120,1
27,1
37,1
142,1
122,1
43,1
43,1
111,1
75,1
28,1
57,1
139,1
84,1
30,1
133,1
39,1
133,1
145,1
30,1
9,1
24,1
40,1
66,1
117,1
46,1
23,1
142,1
118,1
46,1
46,1
96,1
30,1
133,1
68,1
142,1
41,1
108,1
39,1
57,1
56,1
8,1
127,1
55,1
113,1
77,1
135,1
113,1
136,1
64,1
32,1
120,1
127,1
108,1
82,1
110,1
85,1
133,1
118,1
104,1
42,1
64,1
43,1
33,1
133,1
78,1
140,1
133,1
68,1
133,1
120,1
100,1
78,1
41,1
106,1
56,1
88,1
12,1
69,1
15,1
66,1
57,1
136,1
33,1
44,1
60,1
42,1
124,1
128,1
98,1
112,1
74,1
0,1
25,1
144,1
58,1
4,1
124,1
109,1
29,1
127,1
57,1
37,1
4,1
29,1
4,1
88,1
88,1
146,1
46,1
57,1
59,1
111,1
68,1
107,1
143,1
30,1
126,1
47,1
46,1
71,1
17,1
4,1
134,1
29,1
9,1
96,1
79,1
90,1
28,1
42,1
97,1
134,1
83,1
27,1
149,1
31,1
81,1
21,1
16,1
107,1
75,1
104,1
140,1
133,1
36,1
133,1
113,1
13,1
139,1
50,1
47,1
104,1
64,1
16,1
64,1
149,1
57,1
57,1
98,1
11,1
38,1
87,1
8,1
110,1
129,1
149,1
85,1
75,1
114,1
111,1
30,1
108,1
64,1
99,1
122,1
122,1
113,1
115,1
99,1
117,1
128,1
85,1
133,1
113,1
22,1
20,1
16,1
115,1
62,1
94,1
88,1
83,1
151,1
10,1
12,1
30,1
135,1
45,1
116,1
110,1
123,1
127,1
58,1
115,1
113,1
48,1
79,1
74,1
67,1
129,1
133,1
17,1
31,1
133,1
42,1
23,1
137,1
134,1
42,1
88,1
89,1
47,1
59,1
45,1
88,1
78,1
128,1
112,1
46,1
20,1
134,1
146,1
37,1
137,1
46,1
126,1
100,1
29,1
107,1
57,1
120,1
64,1
42,1
95,1
129,1
79,1
15,1
11,1
131,1
133,1
88,1
151,1
113,1
57,1
7,1
60,1
6,1
67,1
128,1
122,1
47,1
62,1
153,1
109,1
140,1
48,1
83,1
81,1
0,1
33,1
104,1
57,1
57,1
88,1
12,1
48,1
37,1
44,1
2,1
54,1
33,1
23,1
33,1
103,1
14,1
27,1
50,1
139,1
143,1
113,1
45,1
75,1
78,1
127,1
23,1
89,1
84,1
78,1
135,1
129,1
34,1
33,1
88,1
67,1
42,1
72,1
59,1
44,1
47,1
137,1
133,1
127,1
86,1
16,1
77,1
46,1
107,1
86,1
45,1
24,1
50,1
101,1
74,1
133,1
108,1
106,1
90,1
27,1
95,1
4,1
95,1
100,1
29,1
138,1
18,1
2,1
135,1
135,1
0,1
14,1
46,1
92,1
94,1
49,1
40,1
133,1
41,1
59,1
95,1
27,1
136,1
88,1
3,1
133,1
72,1
127,1
146,1
0,1
142,1
110,1
81,1
11,1
93,1
77,1
133,1
56,1
26,1
60,1
57,1
35,1
28,1
5,1
100,1
114,1
47,1
46,1
47,1
99,1
83,1
89,1
106,1
6,1
70,1
115,1
97,1
17,1
82,1
57,1
72,1
64,1
47,1
119,1
33,1
131,1
90,1
133,1
62,1
108,1
136,1
66,1
44,1
135,1
109,1
119,1
90,1
113,1
87,1
9,1
88,1
12,1
86,1
2,1
67,1
31,1
102,1
60,1
47,1
100,1
47,1
100,1
100,1
45,1
0,1
37,1
78,1
127,1
4,1
63,1
31,1
39,1
35,1
105,1
143,1
133,1
111,1
74,1
117,1
143,1
86,1
77,1
47,1
64,1
112,1
88,1
121,1
68,1
86,1
130,1
46,1
142,1
50,1
151,1
113,1
85,1
151,1
128,1
79,1
64,1
114,1
6,1
88,1
31,1
47,1
146,1
19,1
118,1
98,1
26,1
116,1
128,1
133,1
60,1
42,1
143,1
142,1
129,1
80,1
113,1
128,1
95,1
72,1
121,1
77,1
75,1
9,1
80,1
50,1
114,1
133,1
127,1
69,1
12,1
37,1
58,1
0,1
136,1
142,1
95,1
12,1
79,1
28,1
21,1
59,1
133,1
0,1
2,1
32,1
126,1
66,1
59,1
65,1
58,1
89,1
7,1
17,1
47,1
24,1
5,1
79,1
30,1
152,1
64,1
122,1
133,1
12,1
5,1
133,1
132,1
144,1
41,1
127,1
2,1
133,1
9,1
35,1
8,1
12,1
3,1
70,1
138,1
132,1
146,1
46,1
9,1
76,1
88,1
134,1
101,1
90,1
127,1
117,1
125,1
68,1
125,1
66,1
6,1
77,1
6,1
6,1
13,1
91,1
124,1
91,1
40,1
24,1
142,1
26,1
80,1
151,1
134,1
56,1
23,1
20,1
57,1
30,1
41,1
33,1
17,1
2,1
92,1
128,1
58,1
31,1
150,1
44,1
48,1
23,1
102,1
133,1
85,1
46,1
30,1
96,1
147,1
128,1
48,1
119,1
24,1
151,1
79,1
119,1
69,1
57,1
111,1
130,1
100,1
43,1
26,1
130,1
145,1
81,1
16,1
102,1
44,1
57,1
133,1
58,1
38,1
150,1
17,1
122,1
21,1
47,1
101,1
13,1
74,1
88,1
115,1
43,1
72,1
56,1
34,1
135,1
30,1
24,1
104,1
118,1
49,1
48,1
133,1
5,1
127,1
138,1
110,1
61,1
95,1
25,1
85,1
104,1
73,1
126,1
134,1
6,1
12,1
70,1
101,1
95,1
46,1
27,1
54,1
88,1
37,1
41,1
43,1
2,1
58,1
58,1
122,1
64,1
1,1
47,1
149,1
78,1
130,1
127,1
37,1
142,1
112,1
37,1
88,1
118,1
153,1
134,1
78,1
45,1
85,1
56,1
9,1
135,1
47,1
19,1
81,1
49,1
11,1
64,1
67,1
142,1
57,1
128,1
25,1
60,1
142,1
81,1
132,1
67,1
92,1
39,1
133,1
57,1
92,1
5,1
88,1
37,1
0,1
150,1
127,1
111,1
41,1
17,1
63,1
23,1
120,1
46,1
23,1
124,1
124,1
5,1
31,1
37,1
128,1
29,1
37,1
72,1
104,1
72,1
127,1
3,1
118,1
120,1
128,1
30,1
110,1
132,1
74,1
34,1
132,1
38,1
145,1
0,1
142,1
115,1
41,1
142,1
71,1
123,1
33,1
51,1
93,1
46,1
63,1
110,1
48,1
67,1
99,1
84,1
72,1
56,1
44,1
57,1
98,1
67,1
8,1
100,1
20,1
29,1
31,1
145,1
117,1
1,1
142,1
128,1
133,1
99,1
13,1
31,1
24,1
29,1
51,1
37,1
136,1
88,1
31,1
106,1
60,1
53,1
133,1
78,1
23,1
31,1
4,1
1,1
1,1
46,1
23,1
37,1
53,1
29,1
66,1
47,1
137,1
122,1
111,1
68,1
60,1
118,1
92,1
68,1
111,1
108,1
30,1
84,1
8,1
59,1
126,1
128,1
35,1
88,1
31,1
47,1
102,1
88,1
0,1
11,1
127,1
128,1
5,1
55,1
30,1
22,1
23,1
122,1
124,1
136,1
7,1
63,1
122,1
60,1
125,1
110,1
136,1
144,1
128,1
143,1
72,1
17,1
5,1
95,1
122,1
17,1
64,1
44,1
99,1
8,1
112,1
57,1
122,1
145,1
129,1
88,1
101,1
9,1
108,1
45,1
62,1
23,1
70,1
50,1
128,1
110,1
41,1
99,1
19,1
141,1
27,1
140,1
47,1
133,1
68,1
5,1
126,1
36,1
121,1
133,1
105,1
56,1
1,1
31,1
58,1
142,1
9,1
113,1
39,1
42,1
107,1
65,1
18,1
66,1
129,1
96,1
142,1
110,1
72,1
44,1
145,1
3,1
122,1
128,1
40,1
46,1
114,1
72,1
97,1
31,1
4,1
116,1
54,1
148,1
85,1
130,1
43,1
99,1
144,1
56,1
97,1
38,1
61,1
1,1
44,1
137,1
108,1
11,1
43,1
31,1
15,1
62,1
133,1
22,1
48,1
31,1
106,1
113,1
30,1
127,1
23,1
40,1
127,1
133,1
29,1
17,1
60,1
88,1
69,1
104,1
90,1
142,1
132,1
47,1
133,1
137,1
47,1
44,1
75,1
15,1
31,1
101,1
130,1
30,1
23,1
36,1
58,1
97,1
93,1
5,1
135,1
29,1
17,1
117,1
18,1
86,1
0,1
57,1
122,1
78,1
120,1
107,1
17,1
62,1
107,1
60,1
133,1
123,1
84,1
20,1
17,1
99,1
41,1
97,1
108,1
114,1
25,1
2,1
122,1
99,1
57,1
128,1
64,1
76,1
54,1
128,1
3,1
112,1
39,1
110,1
119,1
133,1
48,1
55,1
20,1
130,1
100,1
88,1
59,1
146,1
31,1
32,1
130,1
103,1
49,1
139,1
42,1
136,1
136,1
135,1
57,1
116,1
8,1
9,1
85,1
127,1
131,1
49,1
124,1
74,1
47,1
47,1
128,1
133,1
22,1
2,1
2,1
68,1
154,1
2,1
88,1
143,1
58,1
118,1
75,1
133,1
137,1
45,1
117,1
150,1
83,1
77,1
42,1
43,1
5,1
29,1
132,1
70,1
133,1
133,1
30,1
133,1
67,1
99,1
125,1
121,1
98,1
122,1
102,1
31,1
25,1
150,1
39,1
8,1
47,1
63,1
108,1
31,1
126,1
12,1
150,1
50,1
144,1
110,1
128,1
8,1
144,1
98,1
58,1
37,1
63,1
8,1
99,1
123,1
144,1
88,1
106,1
3,1
0,1
69,1
3,1
134,1
13,1
13,1
70,1
23,1
109,1
30,1
72,1
13,1
88,1
71,1
128,1
87,1
31,1
9,1
148,1
58,1
134,1
142,1
47,1
32,1
26,1
137,1
43,1
3,1
117,1
50,1
87,1
64,1
72,1
69,1
92,1
100,1
117,1
140,1
134,1
124,1
122,1
25,1
16,1
22,1
133,1
46,1
120,1
27,1
57,1
60,1
149,1
21,1
46,1
36,1
5,1
94,1
100,1
41,1
115,1
56,1
103,1
122,1
144,1
57,1
11,1
92,1
74,1
149,1
82,1
129,1
62,1
127,1
43,1
66,1
133,1
29,1
99,1
74,1
136,1
136,1
142,1
143,1
108,1
31,1
40,1
133,1
112,1
132,1
53,1
130,1
69,1
117,1
47,1
128,1
17,1
133,1
133,1
106,1
50,1
72,1
11,1
26,1
54,1
131,1
22,1
150,1
102,1
142,1
66,1
23,1
77,1
40,1
4,1
150,1
46,1
88,1
100,1
69,1
46,1
2,1
57,1
102,1
130,1
6,1
133,1
56,1
130,1
62,1
50,1
110,1
56,1
97,1
109,1
50,1
86,1
18,1
47,1
30,1
25,1
77,1
138,1
101,1
35,1
44,1
151,1
122,1
57,1
66,1
48,1
128,1
128,1
15,1
119,1
77,1
124,1
16,1
65,1
117,1
127,1
88,1
33,1
24,1
124,1
72,1
12,1
92,1
11,1
62,1
91,1
108,1
107,1
24,1
106,1
96,1
149,1
74,1
149,1
127,1
