114,1
130,1
127,1
118,1
86,1
120,1
60,1
136,1
47,1
46,1
91,1
88,1
146,1
35,1
74,1
21,1
111,1
134,1
127,1
137,1
42,1
88,1
1,1
142,1
5,1
108,1
102,1
111,1
77,1
133,1
49,1
50,1
91,1
113,1
47,1
110,1
115,1
130,1
5,1
145,1
45,1
143,1
24,1
83,1
127,1
38,1
133,1
13,1
101,1
13,1
8,1
114,1
30,1
13,1
81,1
18,1
134,1
3,1
57,1
57,1
149,1
77,1
42,1
88,1
111,1
57,1
29,1
151,1
88,1
16,1
83,1
68,1
64,1
87,1
148,1
128,1
25,1
76,1
60,1
143,1
128,1
127,1
51,1
39,1
140,1
58,1
7,1
17,1
7,1
89,1
23,1
64,1
142,1
140,1
51,1
111,1
57,1
86,1
88,1
32,1
62,1
79,1
63,1
56,1
19,1
128,1
88,1
3,1
137,1
5,1
22,1
127,1
7,1
118,1
143,1
111,1
88,1
40,1
86,1
31,1
113,1
92,1
36,1
54,1
14,1
138,1
128,1
23,1
36,1
45,1
135,1
133,1
60,1
31,1
5,1
77,1
8,1
46,1
119,1
30,1
81,1
31,1
64,1
51,1
55,1
144,1
123,1
14,1
21,1
140,1
20,1
12,1
49,1
89,1
21,1
143,1
122,1
77,1
79,1
5,1
90,1
146,1
27,1
42,1
29,1
148,1
16,1
52,1
145,1
88,1
46,1
82,1
28,1
109,1
5,1
32,1
129,1
104,1
41,1
115,1
142,1
93,1
30,1
87,1
69,1
7,1
96,1
144,1
26,1
127,1
88,1
118,1
96,1
127,1
137,1
55,1
89,1
32,1
109,1
137,1
39,1
127,1
30,1
22,1
56,1
24,1
120,1
142,1
30,1
54,1
63,1
29,1
63,1
138,1
85,1
8,1
102,1
9,1
68,1
109,1
142,1
70,1
101,1
1,1
132,1
28,1
88,1
120,1
59,1
13,1
100,1
87,1
125,1
101,1
122,1
52,1
105,1
24,1
15,1
89,1
142,1
63,1
24,1
35,1
107,1
43,1
124,1
139,1
87,1
88,1
19,1
88,1
75,1
24,1
12,1
8,1
46,1
33,1
56,1
130,1
1,1
25,1
68,1
42,1
46,1
40,1
117,1
144,1
41,1
10,1
115,1
70,1
37,1
141,1
16,1
77,1
39,1
25,1
8,1
114,1
50,1
8,1
47,1
128,1
25,1
110,1
14,1
29,1
21,1
148,1
88,1
142,1
41,1
26,1
101,1
70,1
134,1
2,1
69,1
42,1
26,1
134,1
75,1
72,1
65,1
90,1
4,1
118,1
81,1
4,1
33,1
101,1
21,1
85,1
139,1
9,1
97,1
25,1
83,1
3,1
67,1
54,1
133,1
54,1
88,1
10,1
17,1
123,1
62,1
95,1
104,1
95,1
72,1
108,1
14,1
88,1
42,1
85,1
94,1
20,1
23,1
30,1
95,1
133,1
36,1
100,1
123,1
61,1
59,1
47,1
6,1
114,1
112,1
150,1
118,1
51,1
122,1
136,1
88,1
154,1
30,1
101,1
18,1
46,1
66,1
127,1
25,1
124,1
37,1
36,1
36,1
5,1
59,1
96,1
15,1
90,1
49,1
41,1
47,1
147,1
49,1
13,1
142,1
102,1
143,1
133,1
122,1
60,1
44,1
57,1
57,1
78,1
110,1
85,1
133,1
39,1
122,1
144,1
79,1
88,1
72,1
46,1
19,1
5,1
35,1
88,1
8,1
98,1
0,1
124,1
130,1
22,1
142,1
9,1
122,1
62,1
29,1
150,1
130,1
142,1
30,1
135,1
11,1
123,1
45,1
142,1
142,1
58,1
96,1
40,1
3,1
69,1
35,1
102,1
99,1
145,1
1,1
70,1
13,1
36,1
127,1
10,1
68,1
56,1
83,1
131,1
123,1
130,1
142,1
126,1
69,1
33,1
76,1
140,1
127,1
21,1
36,1
80,1
124,1
126,1
137,1
124,1
13,1
123,1
41,1
8,1
149,1
60,1
61,1
30,1
133,1
28,1
36,1
97,1
33,1
15,1
70,1
6,1
47,1
67,1
110,1
1,1
33,1
88,1
148,1
126,1
63,1
30,1
133,1
4,1
48,1
5,1
143,1
16,1
140,1
84,1
126,1
142,1
143,1
58,1
109,1
46,1
54,1
5,1
35,1
97,1
154,1
4,1
88,1
31,1
142,1
140,1
16,1
11,1
113,1
15,1
85,1
129,1
12,1
111,1
127,1
51,1
64,1
9,1
45,1
133,1
138,1
18,1
31,1
138,1
102,1
6,1
27,1
38,1
63,1
67,1
8,1
30,1
6,1
64,1
57,1
123,1
122,1
71,1
134,1
81,1
13,1
119,1
107,1
8,1
88,1
42,1
111,1
30,1
55,1
89,1
46,1
96,1
36,1
65,1
59,1
83,1
21,1
30,1
114,1
36,1
4,1
130,1
24,1
128,1
74,1
97,1
2,1
57,1
89,1
88,1
33,1
52,1
4,1
8,1
57,1
35,1
57,1
64,1
75,1
60,1
75,1
47,1
123,1
60,1
102,1
107,1
8,1
76,1
80,1
47,1
45,1
139,1
122,1
58,1
20,1
59,1
19,1
1,1
6,1
4,1
29,1
105,1
129,1
126,1
59,1
52,1
54,1
23,1
9,1
28,1
142,1
137,1
47,1
5,1
145,1
113,1
16,1
26,1
10,1
50,1
89,1
121,1
82,1
140,1
53,1
57,1
127,1
57,1
88,1
43,1
121,1
87,1
2,1
1,1
66,1
88,1
126,1
77,1
88,1
79,1
128,1
123,1
127,1
53,1
115,1
71,1
102,1
30,1
43,1
122,1
79,1
127,1
86,1
63,1
34,1
133,1
109,1
29,1
116,1
127,1
121,1
36,1
139,1
38,1
52,1
28,1
0,1
97,1
45,1
128,1
136,1
120,1
140,1
142,1
4,1
112,1
31,1
53,1
64,1
142,1
127,1
46,1
72,1
42,1
105,1
88,1
124,1
88,1
115,1
115,1
97,1
106,1
127,1
143,1
142,1
4,1
118,1
46,1
79,1
133,1
88,1
8,1
7,1
141,1
114,1
77,1
32,1
14,1
6,1
128,1
120,1
25,1
15,1
51,1
62,1
100,1
106,1
59,1
7,1
127,1
36,1
46,1
18,1
125,1
26,1
30,1
23,1
118,1
60,1
124,1
32,1
142,1
88,1
144,1
37,1
20,1
95,1
142,1
18,1
150,1
115,1
125,1
88,1
42,1
9,1
30,1
123,1
102,1
20,1
93,1
134,1
4,1
53,1
83,1
100,1
133,1
90,1
18,1
29,1
20,1
46,1
13,1
128,1
124,1
88,1
88,1
37,1
122,1
134,1
31,1
98,1
113,1
30,1
36,1
51,1
96,1
7,1
115,1
33,1
133,1
141,1
91,1
0,1
143,1
31,1
100,1
12,1
142,1
29,1
120,1
32,1
4,1
63,1
139,1
55,1
32,1
114,1
57,1
51,1
74,1
54,1
105,1
111,1
54,1
31,1
105,1
65,1
142,1
114,1
74,1
7,1
92,1
151,1
88,1
8,1
51,1
58,1
136,1
89,1
128,1
21,1
29,1
25,1
23,1
142,1
91,1
81,1
88,1
106,1
47,1
100,1
10,1
8,1
8,1
87,1
88,1
64,1
76,1
148,1
74,1
51,1
20,1
0,1
33,1
5,1
46,1
86,1
127,1
111,1
46,1
104,1
110,1
127,1
35,1
71,1
88,1
101,1
27,1
112,1
133,1
33,1
6,1
45,1
86,1
88,1
57,1
35,1
94,1
138,1
11,1
88,1
21,1
61,1
31,1
107,1
21,1
63,1
69,1
127,1
6,1
74,1
67,1
128,1
46,1
48,1
110,1
51,1
90,1
149,1
11,1
57,1
88,1
6,1
0,1
46,1
105,1
145,1
38,1
127,1
88,1
28,1
93,1
82,1
19,1
0,1
11,1
72,1
73,1
127,1
75,1
107,1
125,1
150,1
152,1
101,1
151,1
90,1
16,1
143,1
79,1
152,1
109,1
2,1
3,1
74,1
88,1
2,1
99,1
32,1
115,1
96,1
88,1
64,1
85,1
107,1
3,1
11,1
131,1
35,1
87,1
116,1
35,1
111,1
118,1
131,1
54,1
73,1
21,1
77,1
15,1
125,1
79,1
48,1
72,1
142,1
133,1
2,1
69,1
36,1
2,1
109,1
83,1
135,1
21,1
39,1
122,1
126,1
108,1
97,1
78,1
105,1
113,1
117,1
97,1
119,1
126,1
117,1
119,1
31,1
87,1
49,1
14,1
22,1
121,1
95,1
61,1
144,1
72,1
111,1
17,1
124,1
31,1
128,1
111,1
105,1
18,1
74,1
32,1
42,1
88,1
97,1
31,1
21,1
76,1
31,1
74,1
66,1
31,1
133,1
29,1
77,1
37,1
24,1
53,1
93,1
74,1
34,1
24,1
23,1
121,1
5,1
88,1
88,1
28,1
7,1
90,1
47,1
46,1
88,1
53,1
79,1
69,1
36,1
39,1
38,1
74,1
5,1
88,1
48,1
102,1
36,1
138,1
88,1
67,1
31,1
69,1
121,1
47,1
113,1
8,1
17,1
29,1
2,1
142,1
128,1
136,1
2,1
125,1
6,1
133,1
117,1
139,1
64,1
137,1
91,1
142,1
58,1
45,1
88,1
73,1
114,1
112,1
100,1
105,1
41,1
10,1
79,1
7,1
23,1
25,1
15,1
68,1
31,1
144,1
23,1
110,1
36,1
83,1
112,1
108,1
39,1
66,1
91,1
61,1
46,1
122,1
53,1
50,1
67,1
69,1
145,1
142,1
146,1
131,1
88,1
42,1
127,1
140,1
66,1
137,1
134,1
126,1
89,1
21,1
89,1
107,1
103,1
3,1
17,1
66,1
88,1
58,1
60,1
3,1
111,1
127,1
61,1
95,1
58,1
56,1
85,1
138,1
50,1
22,1
6,1
53,1
79,1
88,1
54,1
133,1
88,1
60,1
30,1
4,1
90,1
14,1
140,1
122,1
88,1
112,1
123,1
18,1
94,1
146,1
133,1
88,1
11,1
127,1
148,1
88,1
17,1
8,1
46,1
118,1
85,1
39,1
134,1
139,1
82,1
62,1
89,1
145,1
9,1
6,1
123,1
148,1
44,1
53,1
147,1
143,1
86,1
88,1
150,1
45,1
4,1
134,1
48,1
29,1
139,1
111,1
16,1
10,1
111,1
32,1
63,1
37,1
2,1
154,1
61,1
133,1
135,1
134,1
145,1
24,1
88,1
114,1
14,1
37,1
94,1
128,1
70,1
63,1
14,1
138,1
24,1
123,1
67,1
62,1
148,1
105,1
137,1
88,1
17,1
140,1
16,1
129,1
67,1
119,1
46,1
10,1
78,1
106,1
30,1
136,1
50,1
88,1
148,1
108,1
7,1
77,1
79,1
2,1
28,1
69,1
27,1
42,1
148,1
48,1
142,1
88,1
71,1
82,1
0,1
141,1
123,1
76,1
112,1
139,1
43,1
54,1
112,1
74,1
148,1
88,1
33,1
128,1
41,1
149,1
149,1
102,1
35,1
39,1
99,1
16,1
29,1
30,1
2,1
47,1
87,1
133,1
97,1
66,1
64,1
46,1
9,1
67,1
123,1
112,1
136,1
84,1
11,1
92,1
34,1
85,1
112,1
104,1
82,1
52,1
88,1
89,1
15,1
99,1
15,1
123,1
28,1
77,1
83,1
3,1
142,1
35,1
140,1
85,1
88,1
117,1
150,1
46,1
88,1
105,1
2,1
109,1
67,1
7,1
148,1
124,1
10,1
114,1
42,1
140,1
135,1
114,1
117,1
6,1
24,1
142,1
24,1
128,1
127,1
106,1
60,1
6,1
48,1
128,1
100,1
67,1
128,1
88,1
4,1
133,1
6,1
63,1
118,1
118,1
130,1
79,1
125,1
4,1
111,1
29,1
126,1
77,1
85,1
133,1
61,1
4,1
82,1
116,1
88,1
127,1
143,1
57,1
49,1
140,1
46,1
52,1
66,1
101,1
74,1
139,1
15,1
22,1
75,1
43,1
72,1
64,1
38,1
127,1
31,1
23,1
97,1
48,1
103,1
81,1
12,1
132,1
14,1
47,1
103,1
88,1
125,1
28,1
122,1
23,1
63,1
140,1
127,1
130,1
93,1
88,1
54,1
55,1
94,1
72,1
122,1
55,1
154,1
90,1
117,1
76,1
63,1
39,1
15,1
127,1
104,1
40,1
47,1
92,1
117,1
70,1
46,1
128,1
114,1
124,1
54,1
88,1
68,1
46,1
56,1
121,1
88,1
72,1
145,1
4,1
26,1
144,1
16,1
88,1
97,1
142,1
47,1
133,1
93,1
129,1
67,1
45,1
37,1
135,1
101,1
6,1
36,1
65,1
134,1
54,1
81,1
14,1
95,1
60,1
7,1
154,1
5,1
37,1
27,1
36,1
107,1
106,1
59,1
89,1
111,1
115,1
88,1
72,1
88,1
88,1
64,1
71,1
113,1
115,1
39,1
137,1
27,1
149,1
85,1
6,1
88,1
64,1
102,1
49,1
79,1
26,1
92,1
91,1
88,1
11,1
134,1
118,1
134,1
128,1
10,1
143,1
152,1
104,1
109,1
103,1
154,1
11,1
88,1
127,1
127,1
142,1
142,1
11,1
23,1
42,1
124,1
133,1
47,1
82,1
14,1
110,1
57,1
12,1
36,1
142,1
12,1
130,1
112,1
13,1
13,1
67,1
133,1
13,1
48,1
88,1
50,1
109,1
117,1
88,1
154,1
44,1
20,1
72,1
14,1
44,1
75,1
48,1
148,1
67,1
7,1
142,1
39,1
126,1
33,1
81,1
48,1
108,1
78,1
19,1
60,1
60,1
47,1
6,1
126,1
8,1
109,1
77,1
27,1
54,1
108,1
32,1
150,1
4,1
85,1
148,1
102,1
120,1
127,1
45,1
89,1
42,1
17,1
48,1
28,1
17,1
36,1
51,1
131,1
63,1
5,1
133,1
88,1
25,1
119,1
128,1
15,1
121,1
65,1
127,1
131,1
30,1
142,1
28,1
88,1
19,1
89,1
88,1
31,1
105,1
61,1
102,1
133,1
88,1
23,1
84,1
36,1
66,1
66,1
108,1
103,1
57,1
119,1
98,1
143,1
63,1
11,1
64,1
128,1
95,1
59,1
23,1
5,1
48,1
45,1
111,1
46,1
52,1
22,1
145,1
60,1
128,1
39,1
88,1
72,1
70,1
73,1
73,1
123,1
127,1
122,1
119,1
60,1
37,1
35,1
124,1
112,1
137,1
31,1
18,1
89,1
107,1
15,1
17,1
95,1
109,1
103,1
89,1
46,1
43,1
23,1
76,1
125,1
133,1
15,1
37,1
1,1
124,1
11,1
15,1
31,1
105,1
41,1
65,1
43,1
90,1
108,1
127,1
81,1
71,1
124,1
10,1
90,1
140,1
145,1
146,1
118,1
85,1
69,1
66,1
88,1
111,1
60,1
1,1
39,1
118,1
145,1
110,1
99,1
0,1
93,1
154,1
114,1
56,1
10,1
120,1
33,1
145,1
31,1
124,1
139,1
116,1
95,1
50,1
87,1
136,1
56,1
9,1
117,1
14,1
125,1
90,1
146,1
88,1
142,1
139,1
130,1
2,1
84,1
7,1
47,1
44,1
17,1
133,1
148,1
15,1
4,1
18,1
8,1
111,1
60,1
63,1
47,1
143,1
4,1
120,1
98,1
128,1
133,1
0,1
136,1
100,1
36,1
70,1
46,1
87,1
7,1
11,1
130,1
72,1
19,1
55,1
131,1
71,1
2,1
68,1
125,1
18,1
142,1
76,1
121,1
8,1
88,1
5,1
30,1
128,1
42,1
88,1
127,1
88,1
133,1
129,1
137,1
8,1
50,1
145,1
67,1
133,1
95,1
129,1
52,1
64,1
30,1
45,1
88,1
120,1
91,1
45,1
23,1
88,1
59,1
85,1
53,1
18,1
128,1
135,1
127,1
25,1
46,1
41,1
21,1
88,1
136,1
67,1
57,1
137,1
66,1
138,1
89,1
54,1
134,1
89,1
61,1
36,1
49,1
72,1
82,1
85,1
68,1
14,1
141,1
135,1
97,1
70,1
5,1
41,1
143,1
14,1
1,1
134,1
122,1
64,1
121,1
74,1
112,1
121,1
70,1
47,1
25,1
72,1
122,1
33,1
15,1
116,1
16,1
145,1
52,1
25,1
29,1
88,1
57,1
48,1
1,1
25,1
7,1
122,1
65,1
65,1
67,1
22,1
142,1
17,1
47,1
30,1
91,1
137,1
72,1
104,1
97,1
105,1
62,1
74,1
142,1
86,1
12,1
8,1
26,1
30,1
125,1
88,1
26,1
148,1
79,1
58,1
5,1
61,1
23,1
133,1
30,1
93,1
33,1
125,1
96,1
88,1
95,1
149,1
97,1
66,1
80,1
27,1
31,1
114,1
30,1
66,1
59,1
16,1
83,1
18,1
142,1
57,1
23,1
101,1
8,1
60,1
15,1
3,1
128,1
68,1
96,1
47,1
84,1
61,1
16,1
19,1
56,1
116,1
105,1
125,1
35,1
118,1
18,1
80,1
48,1
91,1
31,1
63,1
11,1
96,1
121,1
60,1
142,1
114,1
21,1
53,1
27,1
92,1
87,1
88,1
85,1
99,1
24,1
60,1
142,1
127,1
33,1
88,1
149,1
141,1
25,1
106,1
10,1
137,1
17,1
29,1
123,1
138,1
28,1
93,1
46,1
112,1
8,1
57,1
60,1
60,1
64,1
134,1
71,1
3,1
124,1
91,1
66,1
53,1
96,1
18,1
36,1
131,1
102,1
122,1
71,1
39,1
21,1
29,1
57,1
23,1
68,1
129,1
77,1
108,1
67,1
5,1
114,1
4,1
57,1
2,1
7,1
30,1
128,1
16,1
117,1
0,1
69,1
142,1
55,1
49,1
34,1
88,1
79,1
39,1
91,1
133,1
63,1
133,1
91,1
4,1
141,1
126,1
47,1
97,1
116,1
112,1
100,1
113,1
92,1
47,1
26,1
88,1
88,1
73,1
75,1
148,1
70,1
87,1
136,1
57,1
117,1
61,1
142,1
31,1
24,1
99,1
104,1
58,1
75,1
134,1
30,1
100,1
25,1
88,1
148,1
109,1
111,1
128,1
17,1
5,1
128,1
77,1
70,1
89,1
64,1
53,1
58,1
116,1
2,1
116,1
30,1
7,1
104,1
116,1
122,1
133,1
128,1
127,1
114,1
127,1
32,1
0,1
79,1
23,1
124,1
74,1
13,1
127,1
122,1
133,1
105,1
20,1
150,1
74,1
70,1
102,1
110,1
111,1
48,1
80,1
46,1
124,1
12,1
123,1
73,1
126,1
26,1
8,1
101,1
14,1
145,1
135,1
104,1
1,1
88,1
22,1
142,1
74,1
116,1
86,1
105,1
27,1
14,1
68,1
49,1
138,1
102,1
148,1
59,1
32,1
16,1
41,1
21,1
143,1
36,1
85,1
12,1
139,1
81,1
143,1
32,1
123,1
87,1
74,1
105,1
21,1
104,1
132,1
123,1
44,1
46,1
119,1
101,1
11,1
102,1
12,1
1,1
116,1
142,1
100,1
56,1
44,1
44,1
104,1
83,1
11,1
52,1
66,1
142,1
100,1
8,1
108,1
130,1
10,1
88,1
101,1
134,1
24,1
117,1
55,1
122,1
142,1
18,1
48,1
6,1
87,1
48,1
127,1
139,1
136,1
55,1
133,1
35,1
115,1
45,1
95,1
11,1
51,1
3,1
93,1
20,1
108,1
88,1
8,1
26,1
128,1
106,1
12,1
116,1
128,1
128,1
15,1
100,1
86,1
64,1
132,1
10,1
30,1
119,1
117,1
57,1
58,1
61,1
55,1
121,1
61,1
20,1
26,1
125,1
123,1
49,1
128,1
8,1
138,1
4,1
2,1
129,1
7,1
62,1
121,1
135,1
6,1
58,1
36,1
117,1
54,1
66,1
128,1
24,1
48,1
8,1
121,1
15,1
133,1
39,1
133,1
143,1
106,1
143,1
130,1
47,1
137,1
3,1
124,1
128,1
63,1
94,1
68,1
2,1
127,1
120,1
88,1
145,1
88,1
133,1
111,1
142,1
123,1
103,1
30,1
67,1
27,1
20,1
68,1
85,1
39,1
118,1
133,1
28,1
55,1
48,1
143,1
10,1
24,1
59,1
98,1
81,1
13,1
66,1
77,1
150,1
139,1
52,1
109,1
14,1
22,1
29,1
54,1
12,1
1,1
8,1
130,1
71,1
92,1
128,1
52,1
12,1
134,1
133,1
12,1
131,1
6,1
106,1
103,1
115,1
136,1
124,1
114,1
79,1
84,1
49,1
116,1
28,1
118,1
51,1
128,1
148,1
107,1
92,1
2,1
114,1
127,1
59,1
54,1
114,1
17,1
54,1
128,1
20,1
88,1
67,1
12,1
5,1
43,1
20,1
124,1
143,1
87,1
101,1
83,1
106,1
79,1
68,1
149,1
108,1
141,1
106,1
113,1
56,1
6,1
72,1
88,1
111,1
117,1
115,1
31,1
39,1
34,1
88,1
96,1
17,1
149,1
74,1
81,1
49,1
55,1
26,1
91,1
8,1
142,1
97,1
112,1
62,1
37,1
48,1
85,1
53,1
18,1
87,1
56,1
58,1
92,1
30,1
99,1
133,1
8,1
58,1
85,1
35,1
46,1
91,1
82,1
116,1
12,1
33,1
42,1
2,1
53,1
79,1
16,1
146,1
9,1
128,1
20,1
8,1
38,1
80,1
46,1
128,1
71,1
35,1
99,1
33,1
3,1
122,1
8,1
64,1
133,1
86,1
83,1
97,1
12,1
8,1
115,1
25,1
120,1
39,1
11,1
17,1
133,1
132,1
85,1
75,1
106,1
10,1
33,1
106,1
48,1
6,1
29,1
39,1
36,1
17,1
110,1
35,1
90,1
88,1
51,1
133,1
47,1
67,1
25,1
9,1
141,1
6,1
19,1
142,1
50,1
113,1
46,1
29,1
51,1
127,1
117,1
43,1
79,1
135,1
150,1
78,1
117,1
51,1
152,1
79,1
4,1
27,1
31,1
56,1
1,1
61,1
71,1
134,1
31,1
150,1
129,1
148,1
130,1
63,1
145,1
134,1
102,1
55,1
30,1
64,1
15,1
88,1
25,1
88,1
75,1
141,1
88,1
37,1
1,1
25,1
127,1
14,1
18,1
134,1
16,1
33,1
88,1
107,1
46,1
146,1
88,1
93,1
8,1
151,1
56,1
14,1
67,1
133,1
115,1
57,1
46,1
56,1
85,1
111,1
35,1
89,1
20,1
36,1
93,1
67,1
57,1
148,1
38,1
123,1
123,1
102,1
47,1
106,1
140,1
126,1
86,1
14,1
3,1
90,1
132,1
88,1
49,1
92,1
116,1
1,1
76,1
59,1
121,1
83,1
78,1
45,1
48,1
50,1
144,1
88,1
92,1
82,1
4,1
123,1
97,1
127,1
133,1
129,1
36,1
101,1
7,1
37,1
17,1
109,1
128,1
114,1
50,1
51,1
128,1
118,1
61,1
88,1
12,1
129,1
134,1
140,1
88,1
85,1
1,1
88,1
45,1
48,1
31,1
130,1
127,1
7,1
46,1
48,1
67,1
97,1
46,1
25,1
78,1
134,1
90,1
51,1
48,1
73,1
2,1
16,1
150,1
84,1
114,1
134,1
63,1
68,1
88,1
62,1
88,1
61,1
124,1
115,1
64,1
10,1
102,1
59,1
143,1
21,1
80,1
93,1
132,1
70,1
142,1
6,1
105,1
70,1
124,1
88,1
123,1
93,1
47,1
66,1
7,1
72,1
136,1
13,1
97,1
51,1
12,1
86,1
61,1
120,1
107,1
6,1
28,1
128,1
24,1
25,1
60,1
69,1
5,1
127,1
57,1
121,1
101,1
20,1
26,1
71,1
8,1
52,1
118,1
128,1
63,1
14,1
5,1
102,1
57,1
34,1
35,1
72,1
97,1
133,1
31,1
42,1
36,1
46,1
9,1
88,1
10,1
72,1
48,1
48,1
149,1
46,1
46,1
13,1
142,1
142,1
127,1
118,1
14,1
133,1
23,1
62,1
38,1
13,1
131,1
45,1
133,1
105,1
150,1
148,1
128,1
44,1
133,1
85,1
10,1
57,1
35,1
117,1
120,1
64,1
81,1
127,1
118,1
113,1
128,1
137,1
88,1
38,1
91,1
64,1
88,1
75,1
130,1
133,1
73,1
41,1
76,1
48,1
130,1
88,1
37,1
48,1
91,1
24,1
131,1
21,1
99,1
111,1
134,1
121,1
97,1
13,1
86,1
5,1
88,1
127,1
50,1
134,1
18,1
25,1
21,1
147,1
88,1
123,1
2,1
88,1
72,1
114,1
108,1
117,1
58,1
133,1
31,1
135,1
79,1
140,1
112,1
27,1
140,1
88,1
93,1
135,1
30,1
3,1
68,1
21,1
42,1
62,1
46,1
70,1
114,1
94,1
20,1
64,1
20,1
110,1
146,1
36,1
117,1
56,1
136,1
121,1
112,1
33,1
130,1
88,1
34,1
88,1
133,1
114,1
20,1
60,1
73,1
3,1
88,1
7,1
93,1
136,1
65,1
146,1
127,1
122,1
17,1
128,1
70,1
19,1
46,1
81,1
109,1
8,1
6,1
79,1
4,1
130,1
13,1
139,1
136,1
143,1
30,1
107,1
0,1
42,1
101,1
32,1
32,1
130,1
53,1
32,1
143,1
83,1
117,1
13,1
51,1
21,1
43,1
140,1
121,1
86,1
123,1
117,1
83,1
28,1
88,1
85,1
44,1
104,1
153,1
123,1
48,1
113,1
6,1
55,1
23,1
88,1
17,1
4,1
111,1
60,1
31,1
137,1
33,1
132,1
66,1
2,1
66,1
65,1
143,1
137,1
93,1
109,1
24,1
111,1
28,1
53,1
52,1
142,1
0,1
5,1
88,1
69,1
20,1
3,1
146,1
106,1
15,1
53,1
49,1
11,1
95,1
7,1
124,1
121,1
74,1
44,1
142,1
119,1
78,1
54,1
35,1
10,1
88,1
78,1
124,1
101,1
59,1
86,1
118,1
7,1
150,1
95,1
142,1
140,1
76,1
37,1
103,1
93,1
5,1
46,1
14,1
88,1
127,1
133,1
58,1
30,1
9,1
11,1
16,1
11,1
68,1
143,1
123,1
124,1
43,1
43,1
111,1
85,1
8,1
9,1
140,1
146,1
143,1
88,1
39,1
133,1
145,1
30,1
9,1
41,1
36,1
66,1
117,1
46,1
46,1
128,1
118,1
124,1
47,1
96,1
32,1
88,1
68,1
150,1
38,1
108,1
116,1
57,1
56,1
28,1
31,1
117,1
113,1
77,1
135,1
140,1
100,1
64,1
32,1
120,1
127,1
5,1
82,1
55,1
86,1
142,1
72,1
104,1
42,1
64,1
43,1
33,1
133,1
98,1
118,1
88,1
68,1
88,1
120,1
100,1
132,1
118,1
55,1
36,1
133,1
12,1
138,1
15,1
66,1
131,1
50,1
33,1
18,1
20,1
14,1
124,1
47,1
98,1
112,1
74,1
6,1
25,1
52,1
58,1
4,1
124,1
56,1
50,1
127,1
32,1
19,1
54,1
29,1
4,1
88,1
88,1
77,1
128,1
57,1
61,1
114,1
27,1
107,1
73,1
70,1
126,1
88,1
124,1
128,1
17,1
4,1
134,1
7,1
52,1
96,1
135,1
90,1
28,1
127,1
97,1
134,1
83,1
27,1
149,1
37,1
81,1
21,1
16,1
107,1
86,1
100,1
140,1
88,1
36,1
88,1
37,1
13,1
139,1
4,1
1,1
104,1
24,1
16,1
125,1
123,1
57,1
147,1
98,1
11,1
39,1
87,1
8,1
110,1
33,1
149,1
85,1
148,1
114,1
111,1
63,1
108,1
64,1
99,1
50,1
52,1
113,1
115,1
107,1
19,1
128,1
85,1
133,1
113,1
108,1
3,1
16,1
115,1
66,1
97,1
88,1
83,1
52,1
0,1
12,1
29,1
135,1
25,1
142,1
110,1
142,1
127,1
59,1
56,1
149,1
142,1
95,1
74,1
67,1
129,1
146,1
17,1
31,1
133,1
42,1
46,1
2,1
146,1
36,1
133,1
89,1
127,1
59,1
45,1
142,1
87,1
128,1
112,1
127,1
20,1
134,1
98,1
37,1
153,1
46,1
123,1
27,1
29,1
107,1
57,1
120,1
30,1
42,1
81,1
26,1
79,1
15,1
51,1
86,1
88,1
88,1
151,1
57,1
33,1
6,1
60,1
6,1
67,1
4,1
10,1
47,1
70,1
8,1
109,1
140,1
48,1
135,1
84,1
0,1
108,1
28,1
154,1
57,1
88,1
12,1
48,1
70,1
53,1
2,1
54,1
47,1
58,1
8,1
103,1
51,1
104,1
51,1
140,1
55,1
113,1
52,1
75,1
78,1
127,1
23,1
79,1
130,1
78,1
135,1
2,1
34,1
33,1
88,1
138,1
42,1
72,1
61,1
44,1
47,1
137,1
88,1
127,1
87,1
0,1
84,1
53,1
107,1
82,1
120,1
45,1
50,1
101,1
87,1
88,1
108,1
106,1
90,1
27,1
130,1
54,1
95,1
32,1
29,1
53,1
18,1
2,1
135,1
82,1
0,1
14,1
46,1
92,1
133,1
6,1
36,1
97,1
40,1
59,1
95,1
47,1
136,1
88,1
53,1
88,1
72,1
6,1
146,1
0,1
142,1
55,1
81,1
12,1
131,1
77,1
88,1
56,1
32,1
60,1
8,1
8,1
28,1
5,1
100,1
19,1
47,1
46,1
142,1
105,1
83,1
89,1
110,1
6,1
67,1
127,1
81,1
126,1
133,1
126,1
72,1
0,1
133,1
119,1
33,1
87,1
91,1
133,1
0,1
108,1
138,1
7,1
1,1
135,1
109,1
119,1
90,1
19,1
76,1
9,1
88,1
12,1
86,1
67,1
70,1
31,1
103,1
4,1
88,1
9,1
47,1
154,1
147,1
27,1
0,1
114,1
78,1
127,1
4,1
63,1
31,1
149,1
35,1
105,1
143,1
148,1
111,1
74,1
117,1
143,1
131,1
80,1
88,1
125,1
112,1
88,1
29,1
127,1
82,1
130,1
141,1
127,1
50,1
128,1
19,1
85,1
151,1
128,1
79,1
15,1
114,1
6,1
75,1
31,1
88,1
91,1
129,1
118,1
98,1
26,1
127,1
137,1
130,1
60,1
42,1
143,1
142,1
12,1
74,1
140,1
50,1
130,1
72,1
60,1
146,1
75,1
9,1
148,1
50,1
114,1
88,1
127,1
42,1
21,1
37,1
59,1
91,1
128,1
48,1
95,1
12,1
79,1
28,1
121,1
59,1
97,1
0,1
37,1
32,1
10,1
23,1
59,1
65,1
59,1
97,1
7,1
17,1
48,1
45,1
17,1
135,1
128,1
152,1
36,1
4,1
88,1
12,1
118,1
88,1
146,1
144,1
41,1
150,1
2,1
88,1
9,1
35,1
8,1
12,1
51,1
70,1
124,1
132,1
146,1
46,1
9,1
76,1
88,1
133,1
101,1
76,1
46,1
149,1
9,1
128,1
36,1
66,1
6,1
74,1
30,1
6,1
27,1
91,1
127,1
92,1
40,1
24,1
35,1
115,1
80,1
128,1
134,1
114,1
20,1
20,1
127,1
30,1
43,1
33,1
17,1
2,1
79,1
46,1
58,1
38,1
57,1
100,1
48,1
72,1
102,1
133,1
85,1
124,1
3,1
82,1
147,1
128,1
100,1
119,1
24,1
136,1
90,1
119,1
70,1
33,1
111,1
130,1
154,1
43,1
26,1
130,1
128,1
81,1
16,1
102,1
44,1
57,1
133,1
58,1
39,1
150,1
17,1
10,1
21,1
47,1
106,1
13,1
74,1
88,1
115,1
72,1
72,1
56,1
34,1
134,1
30,1
24,1
143,1
118,1
49,1
48,1
133,1
21,1
141,1
126,1
5,1
61,1
95,1
68,1
75,1
108,1
73,1
28,1
134,1
124,1
12,1
68,1
26,1
130,1
46,1
27,1
54,1
88,1
37,1
43,1
3,1
37,1
136,1
109,1
124,1
64,1
1,1
47,1
73,1
78,1
130,1
100,1
15,1
6,1
112,1
2,1
88,1
140,1
52,1
134,1
78,1
45,1
85,1
56,1
9,1
135,1
70,1
37,1
81,1
49,1
11,1
66,1
34,1
142,1
57,1
11,1
28,1
0,1
34,1
81,1
132,1
138,1
92,1
39,1
133,1
154,1
92,1
5,1
88,1
15,1
0,1
8,1
46,1
33,1
40,1
140,1
63,1
23,1
11,1
123,1
138,1
124,1
46,1
121,1
31,1
0,1
128,1
29,1
112,1
72,1
104,1
72,1
46,1
3,1
118,1
120,1
128,1
30,1
110,1
132,1
96,1
34,1
132,1
8,1
145,1
0,1
142,1
119,1
125,1
142,1
71,1
137,1
33,1
4,1
131,1
46,1
65,1
110,1
48,1
67,1
104,1
84,1
72,1
56,1
54,1
57,1
79,1
27,1
48,1
27,1
31,1
29,1
31,1
63,1
113,1
1,1
6,1
128,1
88,1
99,1
13,1
31,1
41,1
29,1
49,1
2,1
136,1
88,1
118,1
139,1
60,1
53,1
88,1
78,1
23,1
64,1
4,1
1,1
1,1
46,1
23,1
37,1
124,1
65,1
128,1
142,1
128,1
141,1
111,1
69,1
60,1
118,1
92,1
68,1
111,1
64,1
30,1
93,1
102,1
59,1
126,1
128,1
2,1
88,1
31,1
88,1
102,1
88,1
0,1
11,1
46,1
128,1
0,1
55,1
30,1
22,1
23,1
122,1
137,1
136,1
7,1
25,1
54,1
60,1
127,1
143,1
136,1
102,1
128,1
143,1
72,1
3,1
7,1
79,1
4,1
66,1
0,1
44,1
99,1
8,1
11,1
57,1
0,1
14,1
19,1
88,1
101,1
44,1
108,1
45,1
67,1
23,1
70,1
49,1
71,1
110,1
43,1
23,1
2,1
141,1
104,1
140,1
18,1
133,1
60,1
61,1
126,1
36,1
121,1
133,1
31,1
56,1
1,1
11,1
58,1
88,1
127,1
113,1
39,1
42,1
107,1
68,1
18,1
66,1
129,1
96,1
48,1
110,1
72,1
52,1
145,1
3,1
10,1
124,1
36,1
46,1
114,1
8,1
97,1
31,1
29,1
116,1
54,1
85,1
88,1
130,1
129,1
99,1
144,1
109,1
97,1
28,1
61,1
1,1
44,1
69,1
108,1
137,1
41,1
31,1
15,1
70,1
133,1
22,1
27,1
31,1
106,1
113,1
30,1
127,1
23,1
40,1
127,1
133,1
29,1
51,1
147,1
88,1
69,1
104,1
90,1
142,1
132,1
88,1
88,1
137,1
142,1
44,1
96,1
15,1
39,1
101,1
130,1
143,1
23,1
36,1
58,1
97,1
93,1
2,1
135,1
29,1
42,1
117,1
18,1
132,1
64,1
60,1
124,1
87,1
105,1
107,1
17,1
67,1
107,1
66,1
88,1
122,1
88,1
136,1
17,1
111,1
38,1
97,1
59,1
114,1
8,1
117,1
151,1
107,1
8,1
53,1
5,1
79,1
54,1
122,1
3,1
112,1
39,1
110,1
119,1
88,1
9,1
110,1
20,1
78,1
32,1
88,1
66,1
146,1
115,1
32,1
79,1
59,1
49,1
139,1
108,1
137,1
136,1
135,1
143,1
142,1
154,1
9,1
85,1
127,1
131,1
49,1
123,1
84,1
88,1
88,1
128,1
148,1
109,1
102,1
2,1
68,1
10,1
114,1
76,1
114,1
58,1
118,1
75,1
88,1
123,1
127,1
117,1
59,1
80,1
77,1
42,1
43,1
121,1
20,1
132,1
17,1
88,1
133,1
30,1
75,1
67,1
99,1
34,1
3,1
98,1
109,1
102,1
31,1
25,1
125,1
39,1
154,1
31,1
3,1
102,1
65,1
126,1
12,1
46,1
50,1
154,1
55,1
128,1
48,1
144,1
98,1
103,1
35,1
63,1
8,1
99,1
53,1
13,1
75,1
106,1
51,1
0,1
65,1
3,1
134,1
13,1
13,1
122,1
23,1
121,1
28,1
153,1
13,1
88,1
29,1
10,1
87,1
122,1
9,1
75,1
105,1
134,1
142,1
142,1
32,1
115,1
137,1
72,1
136,1
117,1
4,1
132,1
64,1
72,1
21,1
89,1
27,1
117,1
70,1
134,1
124,1
7,1
25,1
16,1
22,1
88,1
15,1
120,1
69,1
33,1
61,1
149,1
64,1
127,1
36,1
4,1
85,1
46,1
41,1
115,1
56,1
103,1
148,1
16,1
33,1
11,1
92,1
86,1
117,1
133,1
19,1
62,1
53,1
43,1
66,1
133,1
29,1
99,1
88,1
126,1
128,1
88,1
142,1
104,1
31,1
118,1
133,1
112,1
89,1
51,1
130,1
69,1
117,1
88,1
128,1
153,1
88,1
133,1
106,1
53,1
72,1
11,1
100,1
49,1
87,1
22,1
150,1
102,1
128,1
85,1
72,1
77,1
150,1
124,1
150,1
46,1
88,1
30,1
69,1
6,1
2,1
111,1
101,1
79,1
127,1
88,1
56,1
95,1
36,1
29,1
108,1
103,1
97,1
59,1
121,1
87,1
18,1
48,1
30,1
10,1
77,1
67,1
101,1
35,1
147,1
100,1
122,1
32,1
66,1
48,1
128,1
127,1
15,1
106,1
74,1
4,1
16,1
65,1
21,1
20,1
88,1
33,1
24,1
122,1
72,1
6,1
92,1
11,1
4,1
95,1
108,1
107,1
62,1
106,1
135,1
149,1
74,1
5,1
127,1
